0 0.6205291523762861 0.29443359375 0.0004899559039686428 0.0009765625
0 0.6587457128858403 0.28076171875 0.0004899559039686428 0.0009765625
0 0.7067613914747672 0.28564453125 0.0004899559039686428 0.0009765625
0 0.5563449289563939 0.28173828125 0.0004899559039686428 0.0009765625
0 0.5935815776580108 0.30810546875 0.0004899559039686428 0.0009765625
0 0.6381675649191573 0.50732421875 0.0004899559039686428 0.0009765625
0 0.60828025477707 0.53857421875 0.0004899559039686428 0.0009765625
0 0.5774130328270456 0.54833984375 0.0004899559039686428 0.0009765625
0 0.541156295933366 0.54541015625 0.0004899559039686428 0.0009765625
0 0.513718765311122 0.53955078125 0.0004899559039686428 0.0009765625
0 0.4897109260166585 0.55419921875 0.0004899559039686428 0.0009765625
0 0.46766291033806956 0.55419921875 0.0004899559039686428 0.0009765625
0 0.4069083782459579 0.55615234375 0.0004899559039686428 0.0009765625
0 0.7557569818716315 0.28271484375 0.0004899559039686428 0.0009765625
0 0.4431651151396374 0.55615234375 0.0004899559039686428 0.0009765625
0 0.18250857422831945 0.26025390625 0.0004899559039686428 0.0009765625
0 0.22807447329740324 0.27880859375 0.0004899559039686428 0.0009765625
0 0.27609015188633024 0.30029296875 0.0004899559039686428 0.0009765625
0 0.32753552180303774 0.32666015625 0.0004899559039686428 0.0009765625
0 0.35595296423321904 0.32568359375 0.0004899559039686428 0.0009765625
0 0.3755512003919647 0.31787109375 0.0004899559039686428 0.0009765625
0 0.42895639392454676 0.30224609375 0.0004899559039686428 0.0009765625
0 0.45737383635472806 0.27587890625 0.0004899559039686428 0.0009765625
0 0.4951004409603136 0.30517578125 0.0004899559039686428 0.0009765625
0 0.5102890739833414 0.28271484375 0.0004899559039686428 0.0009765625
0 0.6886330230279275 0.48193359375 0.0004899559039686428 0.0009765625
0 0.3784909358157766 0.54541015625 0.0004899559039686428 0.0009765625
0 0.32802547770700635 0.53564453125 0.0004899559039686428 0.0009765625
0 0.25992160705536504 0.51318359375 0.0004899559039686428 0.0009765625
0 0.20749632533072024 0.47705078125 0.0004899559039686428 0.0009765625
