0 0.6670749632533072 0.28076171875 0.0004899559039686428 0.0009765625
0 0.7229299363057324 0.25634765625 0.0004899559039686428 0.0009765625
0 0.5759431651151397 0.26318359375 0.0004899559039686428 0.0009765625
0 0.6068103870651641 0.27880859375 0.0004899559039686428 0.0009765625
0 0.6489465948064674 0.51904296875 0.0004899559039686428 0.0009765625
0 0.6141597256246938 0.54931640625 0.0004899559039686428 0.0009765625
0 0.582312591866732 0.56201171875 0.0004899559039686428 0.0009765625
0 0.5445859872611465 0.55712890625 0.0004899559039686428 0.0009765625
0 0.515188633023028 0.56298828125 0.0004899559039686428 0.0009765625
0 0.4887310142087212 0.56494140625 0.0004899559039686428 0.0009765625
0 0.47305242528172464 0.56689453125 0.0004899559039686428 0.0009765625
0 0.3892699657030867 0.55810546875 0.0004899559039686428 0.0009765625
0 0.44463498285154335 0.55615234375 0.0004899559039686428 0.0009765625
0 0.17025967662910338 0.26806640625 0.0004899559039686428 0.0009765625
0 0.20994610485056345 0.29931640625 0.0004899559039686428 0.0009765625
0 0.26041156295933365 0.29541015625 0.0004899559039686428 0.0009765625
0 0.31430671239588437 0.30712890625 0.0004899559039686428 0.0009765625
0 0.34076433121019106 0.30029296875 0.0004899559039686428 0.0009765625
0 0.37457128858402744 0.31591796875 0.0004899559039686428 0.0009765625
0 0.41572758451739344 0.32470703125 0.0004899559039686428 0.0009765625
0 0.4505144536991671 0.29833984375 0.0004899559039686428 0.0009765625
0 0.4965703086722195 0.30419921875 0.0004899559039686428 0.0009765625
0 0.5416462518373346 0.28955078125 0.0004899559039686428 0.0009765625
0 0.7048015678588927 0.50146484375 0.0004899559039686428 0.0009765625
0 0.3495835374816266 0.55419921875 0.0004899559039686428 0.0009765625
0 0.3157765801077903 0.54345703125 0.0004899559039686428 0.0009765625
0 0.23640372366487017 0.51708984375 0.0004899559039686428 0.0009765625
