0 0.6297112090063632 0.42138671875 0.0004894762604013706 0.0009765625
0 0.6737640724424866 0.29833984375 0.0004894762604013706 0.0009765625
0 0.7173274596182085 0.32861328125 0.0004894762604013706 0.0009765625
0 0.5665687714145864 0.33251953125 0.0004894762604013706 0.0009765625
0 0.6023005384238864 0.34130859375 0.0004894762604013706 0.0009765625
0 0.6365638766519823 0.51806640625 0.0004894762604013706 0.0009765625
0 0.5685266764561919 0.55615234375 0.0004894762604013706 0.0009765625
0 0.5327949094468918 0.55029296875 0.0004894762604013706 0.0009765625
0 0.5048947626040137 0.56201171875 0.0004894762604013706 0.0009765625
0 0.48237885462555063 0.56494140625 0.0004894762604013706 0.0009765625
0 0.46573666177190404 0.56298828125 0.0004894762604013706 0.0009765625
0 0.4109153206069506 0.54150390625 0.0004894762604013706 0.0009765625
0 0.44273127753303965 0.56298828125 0.0004894762604013706 0.0009765625
0 0.2459618208516887 0.29736328125 0.0004894762604013706 0.0009765625
0 0.2875673029858052 0.31494140625 0.0004894762604013706 0.0009765625
0 0.3340675477239354 0.27978515625 0.0004894762604013706 0.0009765625
0 0.3619676945668135 0.32275390625 0.0004894762604013706 0.0009765625
0 0.39916789035731765 0.31396484375 0.0004894762604013706 0.0009765625
0 0.4334312285854136 0.32080078125 0.0004894762604013706 0.0009765625
0 0.4613313754282917 0.31787109375 0.0004894762604013706 0.0009765625
0 0.5024473813020068 0.32861328125 0.0004894762604013706 0.0009765625
0 0.5337738619676946 0.31591796875 0.0004894762604013706 0.0009765625
0 0.3737151248164464 0.54638671875 0.0004894762604013706 0.0009765625
0 0.3252569750367107 0.54248046875 0.0004894762604013706 0.0009765625
