0 0.6264086232239099 0.31005859375 0.0004899559039686428 0.0009765625
0 0.6597256246937776 0.30712890625 0.0004899559039686428 0.0009765625
0 0.70578147966683 0.28369140625 0.0004899559039686428 0.0009765625
0 0.5759431651151397 0.32275390625 0.0004899559039686428 0.0009765625
0 0.6812836844683978 0.50341796875 0.0004899559039686428 0.0009765625
0 0.609750122488976 0.56103515625 0.0004899559039686428 0.0009765625
0 0.5715335619794218 0.56689453125 0.0004899559039686428 0.0009765625
0 0.5421362077413033 0.55712890625 0.0004899559039686428 0.0009765625
0 0.5142087212150906 0.57373046875 0.0004899559039686428 0.0009765625
0 0.48824105830475256 0.57275390625 0.0004899559039686428 0.0009765625
0 0.4225869671729544 0.55810546875 0.0004899559039686428 0.0009765625
0 0.4539441450269476 0.55224609375 0.0004899559039686428 0.0009765625
0 0.2800097991180794 0.31201171875 0.0004899559039686428 0.0009765625
0 0.4461048505634493 0.36865234375 0.0004899559039686428 0.0009765625
0 0.4735423811856933 0.33837890625 0.0004899559039686428 0.0009765625
0 0.5107790298873102 0.33935546875 0.0004899559039686428 0.0009765625
0 0.5450759431651151 0.33447265625 0.0004899559039686428 0.0009765625
0 0.7224399804017638 0.44775390625 0.0004899559039686428 0.0009765625
0 0.39416952474277317 0.54345703125 0.0004899559039686428 0.0009765625
0 0.33341499265066143 0.53662109375 0.0004899559039686428 0.0009765625
0 0.2814796668299853 0.48681640625 0.0004899559039686428 0.0009765625
