0 0.6078378378378378 0.33935546875 0.0005405405405405405 0.0009765625
0 0.6645945945945946 0.34130859375 0.0005405405405405405 0.0009765625
0 0.7213513513513513 0.32177734375 0.0005405405405405405 0.0009765625
0 0.5651351351351351 0.34716796875 0.0005405405405405405 0.0009765625
0 0.5937837837837838 0.36572265625 0.0005405405405405405 0.0009765625
0 0.6954054054054054 0.54345703125 0.0005405405405405405 0.0009765625
0 0.6521621621621622 0.57763671875 0.0005405405405405405 0.0009765625
0 0.6051351351351352 0.57861328125 0.0005405405405405405 0.0009765625
0 0.5640540540540541 0.58154296875 0.0005405405405405405 0.0009765625
0 0.5278378378378379 0.59423828125 0.0005405405405405405 0.0009765625
0 0.4916216216216216 0.60791015625 0.0005405405405405405 0.0009765625
0 0.46459459459459457 0.61181640625 0.0005405405405405405 0.0009765625
0 0.3894594594594595 0.60107421875 0.0005405405405405405 0.0009765625
0 0.7424324324324324 0.22998046875 0.0005405405405405405 0.0009765625
0 0.4321621621621622 0.60986328125 0.0005405405405405405 0.0009765625
0 0.21432432432432433 0.28466796875 0.0005405405405405405 0.0009765625
0 0.21486486486486486 0.35009765625 0.0005405405405405405 0.0009765625
0 0.25864864864864867 0.38134765625 0.0005405405405405405 0.0009765625
0 0.3089189189189189 0.38134765625 0.0005405405405405405 0.0009765625
0 0.34459459459459457 0.40869140625 0.0005405405405405405 0.0009765625
0 0.377027027027027 0.35791015625 0.0005405405405405405 0.0009765625
0 0.4110810810810811 0.38916015625 0.0005405405405405405 0.0009765625
0 0.4424324324324324 0.36474609375 0.0005405405405405405 0.0009765625
0 0.48783783783783785 0.35888671875 0.0005405405405405405 0.0009765625
0 0.5148648648648648 0.34033203125 0.0005405405405405405 0.0009765625
0 0.7635135135135135 0.52392578125 0.0005405405405405405 0.0009765625
0 0.3505405405405405 0.61181640625 0.0005405405405405405 0.0009765625
0 0.2943243243243243 0.60791015625 0.0005405405405405405 0.0009765625
0 0.23648648648648649 0.58154296875 0.0005405405405405405 0.0009765625
0 0.19216216216216217 0.56591796875 0.0005405405405405405 0.0009765625
