0 0.6492980561555075 0.43994140625 0.0005399568034557236 0.0009765625
0 0.6833153347732182 0.43798828125 0.0005399568034557236 0.0009765625
0 0.7205723542116631 0.39013671875 0.0005399568034557236 0.0009765625
0 0.5731641468682506 0.42822265625 0.0005399568034557236 0.0009765625
0 0.6061015118790497 0.43701171875 0.0005399568034557236 0.0009765625
0 0.6509179265658748 0.65380859375 0.0005399568034557236 0.0009765625
0 0.6088012958963283 0.66650390625 0.0005399568034557236 0.0009765625
0 0.5785637149028078 0.67236328125 0.0005399568034557236 0.0009765625
0 0.5407667386609071 0.65185546875 0.0005399568034557236 0.0009765625
0 0.5105291576673866 0.66064453125 0.0005399568034557236 0.0009765625
0 0.48623110151187904 0.65966796875 0.0005399568034557236 0.0009765625
0 0.4576133909287257 0.65576171875 0.0005399568034557236 0.0009765625
0 0.3933585313174946 0.67822265625 0.0005399568034557236 0.0009765625
0 0.14443844492440605 0.64111328125 0.0005399568034557236 0.0009765625
0 0.7437904967602592 0.34033203125 0.0005399568034557236 0.0009765625
0 0.4295356371490281 0.66259765625 0.0005399568034557236 0.0009765625
0 0.767548596112311 0.66259765625 0.0005399568034557236 0.0009765625
0 0.17629589632829373 0.34814453125 0.0005399568034557236 0.0009765625
0 0.20221382289416848 0.39306640625 0.0005399568034557236 0.0009765625
0 0.242170626349892 0.41748046875 0.0005399568034557236 0.0009765625
0 0.29616630669546434 0.46728515625 0.0005399568034557236 0.0009765625
0 0.328023758099352 0.45458984375 0.0005399568034557236 0.0009765625
0 0.3679805615550756 0.44677734375 0.0005399568034557236 0.0009765625
0 0.4111771058315335 0.45849609375 0.0005399568034557236 0.0009765625
0 0.44411447084233263 0.49462890625 0.0005399568034557236 0.0009765625
0 0.4964902807775378 0.49462890625 0.0005399568034557236 0.0009765625
0 0.5407667386609071 0.46435546875 0.0005399568034557236 0.0009765625
0 0.7054535637149028 0.62744140625 0.0005399568034557236 0.0009765625
0 0.36042116630669546 0.68603515625 0.0005399568034557236 0.0009765625
0 0.31938444924406045 0.68212890625 0.0005399568034557236 0.0009765625
0 0.2394708423326134 0.66259765625 0.0005399568034557236 0.0009765625
0 0.19951403887688984 0.62548828125 0.0005399568034557236 0.0009765625
