0 0.5831697742885181 0.35693359375 0.0004906771344455348 0.0009765625
0 0.6960255152109912 0.51513671875 0.0004906771344455348 0.0009765625
0 0.5890578999018645 0.53857421875 0.0004906771344455348 0.0009765625
0 0.5547105004906772 0.53759765625 0.0004906771344455348 0.0009765625
0 0.5291952894995093 0.53369140625 0.0004906771344455348 0.0009765625
0 0.5051521099116781 0.51806640625 0.0004906771344455348 0.0009765625
0 0.48307163886162907 0.54443359375 0.0004906771344455348 0.0009765625
0 0.41290480863591755 0.55126953125 0.0004906771344455348 0.0009765625
0 0.4565750736015702 0.54248046875 0.0004906771344455348 0.0009765625
0 0.25637880274779196 0.38916015625 0.0004906771344455348 0.0009765625
0 0.29023552502453387 0.38623046875 0.0004906771344455348 0.0009765625
0 0.3991658488714426 0.34521484375 0.0004906771344455348 0.0009765625
0 0.4644259077526987 0.32568359375 0.0004906771344455348 0.0009765625
0 0.38738959764474973 0.54248046875 0.0004906771344455348 0.0009765625
0 0.3530421982335623 0.57470703125 0.0004906771344455348 0.0009765625
