0 0.6595572354211663 0.34619140625 0.0005399568034557236 0.0009765625
0 0.7119330453563715 0.33447265625 0.0005399568034557236 0.0009765625
0 0.7545896328293736 0.27099609375 0.0005399568034557236 0.0009765625
0 0.6044816414686826 0.33447265625 0.0005399568034557236 0.0009765625
0 0.634719222462203 0.35791015625 0.0005399568034557236 0.0009765625
0 0.6795356371490281 0.55615234375 0.0005399568034557236 0.0009765625
0 0.6449784017278618 0.59033203125 0.0005399568034557236 0.0009765625
0 0.6066414686825053 0.61572265625 0.0005399568034557236 0.0009765625
0 0.5715442764578834 0.63427734375 0.0005399568034557236 0.0009765625
0 0.5396868250539957 0.64306640625 0.0005399568034557236 0.0009765625
0 0.5045896328293736 0.64892578125 0.0005399568034557236 0.0009765625
0 0.4689524838012959 0.65380859375 0.0005399568034557236 0.0009765625
0 0.36312095032397407 0.62255859375 0.0005399568034557236 0.0009765625
0 0.4246760259179266 0.64013671875 0.0005399568034557236 0.0009765625
0 0.1849352051835853 0.23583984375 0.0005399568034557236 0.0009765625
0 0.24055075593952485 0.29052734375 0.0005399568034557236 0.0009765625
0 0.29616630669546434 0.32373046875 0.0005399568034557236 0.0009765625
0 0.33504319654427644 0.34619140625 0.0005399568034557236 0.0009765625
0 0.3706803455723542 0.36572265625 0.0005399568034557236 0.0009765625
0 0.41495680345572356 0.39697265625 0.0005399568034557236 0.0009765625
0 0.46247300215982723 0.41259765625 0.0005399568034557236 0.0009765625
0 0.5170086393088553 0.40283203125 0.0005399568034557236 0.0009765625
0 0.5629049676025918 0.41259765625 0.0005399568034557236 0.0009765625
0 0.7470302375809935 0.49951171875 0.0005399568034557236 0.0009765625
0 0.3469222462203024 0.60986328125 0.0005399568034557236 0.0009765625
0 0.27996760259179265 0.58544921875 0.0005399568034557236 0.0009765625
0 0.21949244060475162 0.53271484375 0.0005399568034557236 0.0009765625
0 0.15145788336933044 0.47705078125 0.0005399568034557236 0.0009765625
