0 0.5627143557079863 0.38134765625 0.0004899559039686428 0.0009765625
0 0.6195492405683488 0.54931640625 0.0004899559039686428 0.0009765625
0 0.5828025477707006 0.56103515625 0.0004899559039686428 0.0009765625
0 0.5494855463008329 0.56201171875 0.0004899559039686428 0.0009765625
0 0.5161685448309652 0.56103515625 0.0004899559039686428 0.0009765625
0 0.48579127878490935 0.55712890625 0.0004899559039686428 0.0009765625
0 0.410828025477707 0.55322265625 0.0004899559039686428 0.0009765625
0 0.2035766780989711 0.46728515625 0.0004899559039686428 0.0009765625
0 0.44904458598726116 0.55908203125 0.0004899559039686428 0.0009765625
0 0.2721705046545811 0.32373046875 0.0004899559039686428 0.0009765625
0 0.3123468887800098 0.35498046875 0.0004899559039686428 0.0009765625
0 0.3544830965213131 0.38330078125 0.0004899559039686428 0.0009765625
0 0.5093091621754042 0.40673828125 0.0004899559039686428 0.0009765625
0 0.5289073983341499 0.40966796875 0.0004899559039686428 0.0009765625
0 0.3799608035276825 0.55517578125 0.0004899559039686428 0.0009765625
0 0.35056344928956396 0.55029296875 0.0004899559039686428 0.0009765625
