0 0.6166095051445369 0.43115234375 0.0004899559039686428 0.0009765625
0 0.6763841254287114 0.42919921875 0.0004899559039686428 0.0009765625
0 0.575453209211171 0.56689453125 0.0004899559039686428 0.0009765625
0 0.5063694267515924 0.60205078125 0.0004899559039686428 0.0009765625
0 0.48579127878490935 0.58740234375 0.0004899559039686428 0.0009765625
0 0.4612934835864772 0.59716796875 0.0004899559039686428 0.0009765625
0 0.40445859872611467 0.61279296875 0.0004899559039686428 0.0009765625
0 0.7141107300342969 0.40087890625 0.0004899559039686428 0.0009765625
0 0.43630573248407645 0.59716796875 0.0004899559039686428 0.0009765625
0 0.21484566389024987 0.45849609375 0.0004899559039686428 0.0009765625
0 0.2574718275355218 0.49755859375 0.0004899559039686428 0.0009765625
0 0.30156785889269966 0.50146484375 0.0004899559039686428 0.0009765625
0 0.3451739343459089 0.47607421875 0.0004899559039686428 0.0009765625
0 0.36918177364037236 0.47802734375 0.0004899559039686428 0.0009765625
0 0.5352768250857423 0.45849609375 0.0004899559039686428 0.0009765625
