0 0.707251347378736 0.31689453125 0.0004899559039686428 0.0009765625
0 0.5641842234198922 0.35791015625 0.0004899559039686428 0.0009765625
0 0.6641352278294953 0.60595703125 0.0004899559039686428 0.0009765625
0 0.6273885350318471 0.61767578125 0.0004899559039686428 0.0009765625
0 0.587702106810387 0.62744140625 0.0004899559039686428 0.0009765625
0 0.5494855463008329 0.64697265625 0.0004899559039686428 0.0009765625
0 0.5186183243508085 0.65673828125 0.0004899559039686428 0.0009765625
0 0.4813816756491916 0.65087890625 0.0004899559039686428 0.0009765625
0 0.4475747182753552 0.64892578125 0.0004899559039686428 0.0009765625
0 0.37163155316021557 0.64697265625 0.0004899559039686428 0.0009765625
0 0.17760901518863303 0.50439453125 0.0004899559039686428 0.0009765625
0 0.4142577168054875 0.65478515625 0.0004899559039686428 0.0009765625
0 0.23150416462518372 0.30517578125 0.0004899559039686428 0.0009765625
0 0.38143067123958846 0.32861328125 0.0004899559039686428 0.0009765625
0 0.4191572758451739 0.38330078125 0.0004899559039686428 0.0009765625
0 0.4505144536991671 0.39306640625 0.0004899559039686428 0.0009765625
0 0.49020088192062716 0.40673828125 0.0004899559039686428 0.0009765625
0 0.5303772660460558 0.42431640625 0.0004899559039686428 0.0009765625
0 0.7199902008819207 0.55810546875 0.0004899559039686428 0.0009765625
0 0.3441940225379716 0.63916015625 0.0004899559039686428 0.0009765625
0 0.3226359627633513 0.61181640625 0.0004899559039686428 0.0009765625
0 0.26286134247917686 0.58349609375 0.0004899559039686428 0.0009765625
0 0.2070063694267516 0.55810546875 0.0004899559039686428 0.0009765625
