0 0.6391474767270946 0.33642578125 0.0004899559039686428 0.0009765625
0 0.6709946104850564 0.35888671875 0.0004899559039686428 0.0009765625
0 0.7155805977462029 0.31298828125 0.0004899559039686428 0.0009765625
0 0.5744732974032337 0.37060546875 0.0004899559039686428 0.0009765625
0 0.6053405193532582 0.34619140625 0.0004899559039686428 0.0009765625
0 0.6406173444390005 0.54833984375 0.0004899559039686428 0.0009765625
0 0.6117099461048505 0.57958984375 0.0004899559039686428 0.0009765625
0 0.582312591866732 0.58544921875 0.0004899559039686428 0.0009765625
0 0.5499755022048015 0.60498046875 0.0004899559039686428 0.0009765625
0 0.5249877511024008 0.59912109375 0.0004899559039686428 0.0009765625
0 0.5044096031357178 0.60107421875 0.0004899559039686428 0.0009765625
0 0.48236158745712887 0.60498046875 0.0004899559039686428 0.0009765625
0 0.4186673199412053 0.59326171875 0.0004899559039686428 0.0009765625
0 0.19377756001959823 0.47119140625 0.0004899559039686428 0.0009765625
0 0.7552670259676629 0.30712890625 0.0004899559039686428 0.0009765625
0 0.4529642332190103 0.59521484375 0.0004899559039686428 0.0009765625
0 0.7439980401763842 0.48974609375 0.0004899559039686428 0.0009765625
0 0.2035766780989711 0.26513671875 0.0004899559039686428 0.0009765625
0 0.23787359137677608 0.30810546875 0.0004899559039686428 0.0009765625
0 0.2907888290053895 0.33056640625 0.0004899559039686428 0.0009765625
0 0.3290053895149437 0.34619140625 0.0004899559039686428 0.0009765625
0 0.369671729544341 0.33251953125 0.0004899559039686428 0.0009765625
0 0.4015188633023028 0.33837890625 0.0004899559039686428 0.0009765625
0 0.4402253797158256 0.36376953125 0.0004899559039686428 0.0009765625
0 0.46766291033806956 0.38818359375 0.0004899559039686428 0.0009765625
0 0.5044096031357178 0.39111328125 0.0004899559039686428 0.0009765625
0 0.5391964723174915 0.38037109375 0.0004899559039686428 0.0009765625
0 0.6964723174914258 0.52099609375 0.0004899559039686428 0.0009765625
0 0.3843704066634003 0.58349609375 0.0004899559039686428 0.0009765625
0 0.3471337579617834 0.56982421875 0.0004899559039686428 0.0009765625
0 0.2858892699657031 0.54833984375 0.0004899559039686428 0.0009765625
0 0.2310142087212151 0.51416015625 0.0004899559039686428 0.0009765625
