0 0.644047035766781 0.38037109375 0.0004899559039686428 0.0009765625
0 0.6754042136207742 0.39501953125 0.0004899559039686428 0.0009765625
0 0.7239098481136698 0.38134765625 0.0004899559039686428 0.0009765625
0 0.5695737383635473 0.33154296875 0.0004899559039686428 0.0009765625
0 0.6038706516413522 0.34033203125 0.0004899559039686428 0.0009765625
0 0.6224889759921607 0.59423828125 0.0004899559039686428 0.0009765625
0 0.5881920627143558 0.60791015625 0.0004899559039686428 0.0009765625
0 0.5514453699167075 0.60400390625 0.0004899559039686428 0.0009765625
0 0.5249877511024008 0.61376953125 0.0004899559039686428 0.0009765625
0 0.4951004409603136 0.61572265625 0.0004899559039686428 0.0009765625
0 0.4666829985301323 0.61962890625 0.0004899559039686428 0.0009765625
0 0.4015188633023028 0.61767578125 0.0004899559039686428 0.0009765625
0 0.7650661440470358 0.36376953125 0.0004899559039686428 0.0009765625
0 0.4402253797158256 0.62353515625 0.0004899559039686428 0.0009765625
0 0.23248407643312102 0.38232421875 0.0004899559039686428 0.0009765625
0 0.27266046055854976 0.38330078125 0.0004899559039686428 0.0009765625
0 0.3187163155316022 0.40283203125 0.0004899559039686428 0.0009765625
0 0.3495835374816266 0.39208984375 0.0004899559039686428 0.0009765625
0 0.3853503184713376 0.37353515625 0.0004899559039686428 0.0009765625
0 0.4201371876531112 0.38525390625 0.0004899559039686428 0.0009765625
0 0.4554140127388535 0.39990234375 0.0004899559039686428 0.0009765625
0 0.49804017638412545 0.40576171875 0.0004899559039686428 0.0009765625
0 0.5372366487016168 0.38525390625 0.0004899559039686428 0.0009765625
0 0.7341989220970113 0.54638671875 0.0004899559039686428 0.0009765625
0 0.3755512003919647 0.61376953125 0.0004899559039686428 0.0009765625
0 0.3412542871141597 0.60986328125 0.0004899559039686428 0.0009765625
