0 0.6445369916707496 0.27392578125 0.0004899559039686428 0.0009765625
0 0.6680548750612445 0.28173828125 0.0004899559039686428 0.0009765625
0 0.712640862322391 0.24658203125 0.0004899559039686428 0.0009765625
0 0.5793728564429201 0.26708984375 0.0004899559039686428 0.0009765625
0 0.6087702106810388 0.28564453125 0.0004899559039686428 0.0009765625
0 0.6592356687898089 0.50732421875 0.0004899559039686428 0.0009765625
0 0.6210191082802548 0.53076171875 0.0004899559039686428 0.0009765625
0 0.5901518863302303 0.54052734375 0.0004899559039686428 0.0009765625
0 0.5587947084762371 0.56396484375 0.0004899559039686428 0.0009765625
0 0.5284174424301813 0.56689453125 0.0004899559039686428 0.0009765625
0 0.5034296913277805 0.55810546875 0.0004899559039686428 0.0009765625
0 0.4784419402253797 0.56591796875 0.0004899559039686428 0.0009765625
0 0.3936795688388045 0.54541015625 0.0004899559039686428 0.0009765625
0 0.7351788339049485 0.22705078125 0.0004899559039686428 0.0009765625
0 0.44120529152376287 0.55419921875 0.0004899559039686428 0.0009765625
0 0.7719255267025967 0.45947265625 0.0004899559039686428 0.0009765625
0 0.19475747182753553 0.19384765625 0.0004899559039686428 0.0009765625
0 0.2241548260656541 0.25634765625 0.0004899559039686428 0.0009765625
0 0.27315041646251836 0.26416015625 0.0004899559039686428 0.0009765625
0 0.3206761391474767 0.27685546875 0.0004899559039686428 0.0009765625
0 0.35399314061734444 0.27099609375 0.0004899559039686428 0.0009765625
0 0.3843704066634003 0.27294921875 0.0004899559039686428 0.0009765625
0 0.42601665850073495 0.30615234375 0.0004899559039686428 0.0009765625
0 0.45443410093091624 0.29931640625 0.0004899559039686428 0.0009765625
0 0.5019598236158745 0.31494140625 0.0004899559039686428 0.0009765625
0 0.5485056344928957 0.31982421875 0.0004899559039686428 0.0009765625
0 0.7185203331700147 0.49462890625 0.0004899559039686428 0.0009765625
0 0.36134247917687407 0.52783203125 0.0004899559039686428 0.0009765625
0 0.3162665360117589 0.51220703125 0.0004899559039686428 0.0009765625
0 0.24424301812836843 0.48583984375 0.0004899559039686428 0.0009765625
0 0.1888780009799118 0.44580078125 0.0004899559039686428 0.0009765625
