0 0.6273885350318471 0.38525390625 0.0004899559039686428 0.0009765625
0 0.6597256246937776 0.37841796875 0.0004899559039686428 0.0009765625
0 0.7097011268985791 0.37548828125 0.0004899559039686428 0.0009765625
0 0.5715335619794218 0.36083984375 0.0004899559039686428 0.0009765625
0 0.6058304752572269 0.38427734375 0.0004899559039686428 0.0009765625
0 0.6489465948064674 0.58837890625 0.0004899559039686428 0.0009765625
0 0.6131798138167565 0.61962890625 0.0004899559039686428 0.0009765625
0 0.5832925036746692 0.61572265625 0.0004899559039686428 0.0009765625
0 0.5519353258206762 0.60205078125 0.0004899559039686428 0.0009765625
0 0.5235178833904949 0.60791015625 0.0004899559039686428 0.0009765625
0 0.49853013228809406 0.61181640625 0.0004899559039686428 0.0009765625
0 0.4740323370896619 0.61376953125 0.0004899559039686428 0.0009765625
0 0.410828025477707 0.58447265625 0.0004899559039686428 0.0009765625
0 0.17907888290053894 0.53662109375 0.0004899559039686428 0.0009765625
0 0.740078392944635 0.37939453125 0.0004899559039686428 0.0009765625
0 0.438265556099951 0.59521484375 0.0004899559039686428 0.0009765625
0 0.7430181283684468 0.56201171875 0.0004899559039686428 0.0009765625
0 0.20651641352278294 0.31689453125 0.0004899559039686428 0.0009765625
0 0.2511024007839294 0.33447265625 0.0004899559039686428 0.0009765625
0 0.2961783439490446 0.37646484375 0.0004899559039686428 0.0009765625
0 0.3446839784419402 0.36474609375 0.0004899559039686428 0.0009765625
0 0.3740813326800588 0.38232421875 0.0004899559039686428 0.0009765625
0 0.3985791278784909 0.37646484375 0.0004899559039686428 0.0009765625
0 0.4353258206761392 0.38427734375 0.0004899559039686428 0.0009765625
0 0.46472317491425774 0.36083984375 0.0004899559039686428 0.0009765625
0 0.5024497795198433 0.35888671875 0.0004899559039686428 0.0009765625
0 0.5426261636452719 0.37548828125 0.0004899559039686428 0.0009765625
0 0.7023517883390494 0.57666015625 0.0004899559039686428 0.0009765625
0 0.37947084762371386 0.58935546875 0.0004899559039686428 0.0009765625
0 0.33047525722684956 0.58447265625 0.0004899559039686428 0.0009765625
0 0.2618814306712396 0.57470703125 0.0004899559039686428 0.0009765625
0 0.22464478196962273 0.54931640625 0.0004899559039686428 0.0009765625
