0 0.6293483586477217 0.41162109375 0.0004899559039686428 0.0009765625
0 0.6543361097501225 0.41650390625 0.0004899559039686428 0.0009765625
0 0.7003919647231749 0.40966796875 0.0004899559039686428 0.0009765625
0 0.5715335619794218 0.33154296875 0.0004899559039686428 0.0009765625
0 0.6004409603135717 0.38427734375 0.0004899559039686428 0.0009765625
0 0.5720235178833905 0.57666015625 0.0004899559039686428 0.0009765625
0 0.5421362077413033 0.58740234375 0.0004899559039686428 0.0009765625
0 0.5176384125428711 0.58740234375 0.0004899559039686428 0.0009765625
0 0.4965703086722195 0.59521484375 0.0004899559039686428 0.0009765625
0 0.4759921607055365 0.59228515625 0.0004899559039686428 0.0009765625
0 0.41376776090151884 0.59130859375 0.0004899559039686428 0.0009765625
0 0.733219010289074 0.37255859375 0.0004899559039686428 0.0009765625
0 0.44904458598726116 0.59033203125 0.0004899559039686428 0.0009765625
0 0.23297403233708966 0.36474609375 0.0004899559039686428 0.0009765625
0 0.27364037236648703 0.36572265625 0.0004899559039686428 0.0009765625
0 0.3133268005879471 0.38037109375 0.0004899559039686428 0.0009765625
0 0.40004899559039686 0.32470703125 0.0004899559039686428 0.0009765625
0 0.43924546790788827 0.38623046875 0.0004899559039686428 0.0009765625
0 0.46766291033806956 0.38232421875 0.0004899559039686428 0.0009765625
0 0.506859382655561 0.37646484375 0.0004899559039686428 0.0009765625
0 0.5426261636452719 0.37060546875 0.0004899559039686428 0.0009765625
0 0.3887800097991181 0.58056640625 0.0004899559039686428 0.0009765625
0 0.35301322880940716 0.57568359375 0.0004899559039686428 0.0009765625
