0 0.6602155805977462 0.29052734375 0.0004899559039686428 0.0009765625
0 0.7077413032827046 0.28466796875 0.0004899559039686428 0.0009765625
0 0.7518373346398824 0.29345703125 0.0004899559039686428 0.0009765625
0 0.5979911807937286 0.28564453125 0.0004899559039686428 0.0009765625
0 0.630328270455659 0.28173828125 0.0004899559039686428 0.0009765625
0 0.664625183733464 0.54541015625 0.0004899559039686428 0.0009765625
0 0.6224889759921607 0.54052734375 0.0004899559039686428 0.0009765625
0 0.5852523272905439 0.54833984375 0.0004899559039686428 0.0009765625
0 0.5426261636452719 0.53076171875 0.0004899559039686428 0.0009765625
0 0.5029397354238119 0.54541015625 0.0004899559039686428 0.0009765625
0 0.4740323370896619 0.54638671875 0.0004899559039686428 0.0009765625
0 0.410828025477707 0.53369140625 0.0004899559039686428 0.0009765625
0 0.44463498285154335 0.53466796875 0.0004899559039686428 0.0009765625
0 0.7699657030867222 0.56982421875 0.0004899559039686428 0.0009765625
0 0.16878980891719744 0.27099609375 0.0004899559039686428 0.0009765625
0 0.20112689857912788 0.26416015625 0.0004899559039686428 0.0009765625
0 0.24571288584027437 0.29736328125 0.0004899559039686428 0.0009765625
0 0.30401763841254287 0.29638671875 0.0004899559039686428 0.0009765625
0 0.33488486036256737 0.29345703125 0.0004899559039686428 0.0009765625
0 0.3750612444879961 0.29345703125 0.0004899559039686428 0.0009765625
0 0.4152376286134248 0.28466796875 0.0004899559039686428 0.0009765625
0 0.45688388045075945 0.28857421875 0.0004899559039686428 0.0009765625
0 0.5088192062714356 0.27880859375 0.0004899559039686428 0.0009765625
0 0.5470357667809898 0.28759765625 0.0004899559039686428 0.0009765625
0 0.7234198922097012 0.52587890625 0.0004899559039686428 0.0009765625
0 0.37163155316021557 0.53662109375 0.0004899559039686428 0.0009765625
0 0.33047525722684956 0.54052734375 0.0004899559039686428 0.0009765625
0 0.2471827535521803 0.52880859375 0.0004899559039686428 0.0009765625
0 0.17711905928466437 0.50732421875 0.0004899559039686428 0.0009765625
