0 0.6352278294953454 0.33251953125 0.0004899559039686428 0.0009765625
0 0.6641352278294953 0.31884765625 0.0004899559039686428 0.0009765625
0 0.7013718765311122 0.30419921875 0.0004899559039686428 0.0009765625
0 0.5700636942675159 0.37451171875 0.0004899559039686428 0.0009765625
0 0.5975012248897599 0.33740234375 0.0004899559039686428 0.0009765625
0 0.6386575208231259 0.57568359375 0.0004899559039686428 0.0009765625
0 0.6068103870651641 0.61572265625 0.0004899559039686428 0.0009765625
0 0.5793728564429201 0.63037109375 0.0004899559039686428 0.0009765625
0 0.5485056344928957 0.63525390625 0.0004899559039686428 0.0009765625
0 0.5254777070063694 0.63720703125 0.0004899559039686428 0.0009765625
0 0.5 0.63134765625 0.0004899559039686428 0.0009765625
0 0.47795198432141106 0.63525390625 0.0004899559039686428 0.0009765625
0 0.4093581577658011 0.63427734375 0.0004899559039686428 0.0009765625
0 0.7248897599216071 0.29736328125 0.0004899559039686428 0.0009765625
0 0.44953454189122977 0.63427734375 0.0004899559039686428 0.0009765625
0 0.746937775600196 0.52197265625 0.0004899559039686428 0.0009765625
0 0.2172954434100931 0.31396484375 0.0004899559039686428 0.0009765625
0 0.24081332680058795 0.32373046875 0.0004899559039686428 0.0009765625
0 0.28686918177364035 0.34130859375 0.0004899559039686428 0.0009765625
0 0.33243508084272416 0.34326171875 0.0004899559039686428 0.0009765625
0 0.3706516413522783 0.32666015625 0.0004899559039686428 0.0009765625
0 0.3980891719745223 0.34912109375 0.0004899559039686428 0.0009765625
0 0.4353258206761392 0.39306640625 0.0004899559039686428 0.0009765625
0 0.46472317491425774 0.38525390625 0.0004899559039686428 0.0009765625
0 0.505389514943655 0.39599609375 0.0004899559039686428 0.0009765625
0 0.5426261636452719 0.40380859375 0.0004899559039686428 0.0009765625
0 0.6964723174914258 0.55615234375 0.0004899559039686428 0.0009765625
0 0.37261146496815284 0.61767578125 0.0004899559039686428 0.0009765625
0 0.349093581577658 0.60400390625 0.0004899559039686428 0.0009765625
0 0.27070063694267515 0.58349609375 0.0004899559039686428 0.0009765625
0 0.218765311121999 0.54638671875 0.0004899559039686428 0.0009765625
