0 0.6450269475747182 0.40380859375 0.0004899559039686428 0.0009765625
0 0.6856932876041156 0.39208984375 0.0004899559039686428 0.0009765625
0 0.7288094071533562 0.36767578125 0.0004899559039686428 0.0009765625
0 0.589171974522293 0.40087890625 0.0004899559039686428 0.0009765625
0 0.6131798138167565 0.39208984375 0.0004899559039686428 0.0009765625
0 0.6572758451739343 0.60595703125 0.0004899559039686428 0.0009765625
0 0.6239588437040666 0.63037109375 0.0004899559039686428 0.0009765625
0 0.5926016658500735 0.64013671875 0.0004899559039686428 0.0009765625
0 0.554875061244488 0.63818359375 0.0004899559039686428 0.0009765625
0 0.5254777070063694 0.64111328125 0.0004899559039686428 0.0009765625
0 0.49804017638412545 0.64306640625 0.0004899559039686428 0.0009765625
0 0.4710926016658501 0.64599609375 0.0004899559039686428 0.0009765625
0 0.40788829005389515 0.64697265625 0.0004899559039686428 0.0009765625
0 0.14380205781479666 0.56787109375 0.0004899559039686428 0.0009765625
0 0.7498775110240078 0.32568359375 0.0004899559039686428 0.0009765625
0 0.43875551200391966 0.65185546875 0.0004899559039686428 0.0009765625
0 0.7680058794708476 0.55517578125 0.0004899559039686428 0.0009765625
0 0.19965703086722195 0.30517578125 0.0004899559039686428 0.0009765625
0 0.21925526702596768 0.38037109375 0.0004899559039686428 0.0009765625
0 0.26286134247917686 0.39501953125 0.0004899559039686428 0.0009765625
0 0.32018618324350806 0.41845703125 0.0004899559039686428 0.0009765625
0 0.35056344928956396 0.39404296875 0.0004899559039686428 0.0009765625
0 0.38731014208721215 0.40283203125 0.0004899559039686428 0.0009765625
0 0.4323860852523273 0.45556640625 0.0004899559039686428 0.0009765625
0 0.4642332190102891 0.46630859375 0.0004899559039686428 0.0009765625
0 0.5097991180793728 0.42626953125 0.0004899559039686428 0.0009765625
0 0.5568348848603626 0.44775390625 0.0004899559039686428 0.0009765625
0 0.7136207741303283 0.58154296875 0.0004899559039686428 0.0009765625
0 0.35889269965703086 0.64306640625 0.0004899559039686428 0.0009765625
0 0.3192062714355708 0.63427734375 0.0004899559039686428 0.0009765625
0 0.25012248897599215 0.60888671875 0.0004899559039686428 0.0009765625
0 0.20308672219500246 0.57275390625 0.0004899559039686428 0.0009765625
