0 0.6254287114159726 0.34228515625 0.0004899559039686428 0.0009765625
0 0.6842234198922097 0.38623046875 0.0004899559039686428 0.0009765625
0 0.5661440470357668 0.36181640625 0.0004899559039686428 0.0009765625
0 0.5945614894659481 0.34130859375 0.0004899559039686428 0.0009765625
0 0.6215090641842235 0.56689453125 0.0004899559039686428 0.0009765625
0 0.5970112689857913 0.56689453125 0.0004899559039686428 0.0009765625
0 0.5651641352278295 0.56201171875 0.0004899559039686428 0.0009765625
0 0.47305242528172464 0.57080078125 0.0004899559039686428 0.0009765625
0 0.4250367466927977 0.56689453125 0.0004899559039686428 0.0009765625
0 0.17417932386085253 0.49365234375 0.0004899559039686428 0.0009765625
0 0.733219010289074 0.34228515625 0.0004899559039686428 0.0009765625
0 0.40298873101420873 0.35791015625 0.0004899559039686428 0.0009765625
0 0.43630573248407645 0.33740234375 0.0004899559039686428 0.0009765625
0 0.465703086722195 0.36962890625 0.0004899559039686428 0.0009765625
0 0.5039196472317491 0.35107421875 0.0004899559039686428 0.0009765625
0 0.5377266046055855 0.35693359375 0.0004899559039686428 0.0009765625
0 0.3912297893189613 0.56591796875 0.0004899559039686428 0.0009765625
0 0.3495835374816266 0.53759765625 0.0004899559039686428 0.0009765625
