0 0.6048505634492896 0.31787109375 0.0004899559039686428 0.0009765625
0 0.6342479176874082 0.31787109375 0.0004899559039686428 0.0009765625
0 0.6626653601175894 0.30517578125 0.0004899559039686428 0.0009765625
0 0.5734933855952964 0.30419921875 0.0004899559039686428 0.0009765625
0 0.644047035766781 0.52880859375 0.0004899559039686428 0.0009765625
0 0.609750122488976 0.56103515625 0.0004899559039686428 0.0009765625
0 0.5725134737873592 0.59521484375 0.0004899559039686428 0.0009765625
0 0.5426261636452719 0.60302734375 0.0004899559039686428 0.0009765625
0 0.5097991180793728 0.60009765625 0.0004899559039686428 0.0009765625
0 0.4853013228809407 0.58740234375 0.0004899559039686428 0.0009765625
0 0.46031357177853993 0.59033203125 0.0004899559039686428 0.0009765625
0 0.37163155316021557 0.57470703125 0.0004899559039686428 0.0009765625
0 0.13351298383145516 0.49853515625 0.0004899559039686428 0.0009765625
0 0.7062714355707986 0.26611328125 0.0004899559039686428 0.0009765625
0 0.42944634982851543 0.59228515625 0.0004899559039686428 0.0009765625
0 0.759186673199412 0.51025390625 0.0004899559039686428 0.0009765625
0 0.1967172954434101 0.28173828125 0.0004899559039686428 0.0009765625
0 0.23395394414502696 0.28466796875 0.0004899559039686428 0.0009765625
0 0.28392944634982853 0.25146484375 0.0004899559039686428 0.0009765625
0 0.3343949044585987 0.25830078125 0.0004899559039686428 0.0009765625
0 0.3706516413522783 0.25146484375 0.0004899559039686428 0.0009765625
0 0.3985791278784909 0.28173828125 0.0004899559039686428 0.0009765625
0 0.4372856442920137 0.29931640625 0.0004899559039686428 0.0009765625
0 0.47011268985791277 0.31201171875 0.0004899559039686428 0.0009765625
0 0.5063694267515924 0.29638671875 0.0004899559039686428 0.0009765625
0 0.5426261636452719 0.29736328125 0.0004899559039686428 0.0009765625
0 0.6984321411073003 0.49267578125 0.0004899559039686428 0.0009765625
0 0.3363547280744733 0.56396484375 0.0004899559039686428 0.0009765625
0 0.2981381675649192 0.55126953125 0.0004899559039686428 0.0009765625
0 0.22611464968152867 0.51513671875 0.0004899559039686428 0.0009765625
0 0.19720725134737874 0.47705078125 0.0004899559039686428 0.0009765625
