0 0.657765801077903 0.25341796875 0.0004899559039686428 0.0009765625
0 0.6876531112199902 0.24853515625 0.0004899559039686428 0.0009765625
0 0.7346888780009799 0.23779296875 0.0004899559039686428 0.0009765625
0 0.6004409603135717 0.22021484375 0.0004899559039686428 0.0009765625
0 0.6268985791278785 0.24365234375 0.0004899559039686428 0.0009765625
0 0.6528662420382165 0.47216796875 0.0004899559039686428 0.0009765625
0 0.6259186673199412 0.49072265625 0.0004899559039686428 0.0009765625
0 0.5945614894659481 0.49267578125 0.0004899559039686428 0.0009765625
0 0.5612444879960804 0.48583984375 0.0004899559039686428 0.0009765625
0 0.534296913277805 0.49072265625 0.0004899559039686428 0.0009765625
0 0.5132288094071533 0.48486328125 0.0004899559039686428 0.0009765625
0 0.48579127878490935 0.47998046875 0.0004899559039686428 0.0009765625
0 0.41033806957373836 0.47802734375 0.0004899559039686428 0.0009765625
0 0.16389024987751102 0.39404296875 0.0004899559039686428 0.0009765625
0 0.7763351298383145 0.24072265625 0.0004899559039686428 0.0009765625
0 0.45492405683488485 0.47705078125 0.0004899559039686428 0.0009765625
0 0.7547770700636943 0.43505859375 0.0004899559039686428 0.0009765625
0 0.17564919157275846 0.18701171875 0.0004899559039686428 0.0009765625
0 0.2290543851053405 0.20263671875 0.0004899559039686428 0.0009765625
0 0.287359137677609 0.20751953125 0.0004899559039686428 0.0009765625
0 0.3388045075943165 0.17724609375 0.0004899559039686428 0.0009765625
0 0.3731014208721215 0.16650390625 0.0004899559039686428 0.0009765625
0 0.4088682018618324 0.18017578125 0.0004899559039686428 0.0009765625
0 0.4529642332190103 0.20849609375 0.0004899559039686428 0.0009765625
0 0.48334149926506614 0.20556640625 0.0004899559039686428 0.0009765625
0 0.5264576188143067 0.21533203125 0.0004899559039686428 0.0009765625
0 0.5695737383635473 0.23876953125 0.0004899559039686428 0.0009765625
0 0.7033317001469868 0.46044921875 0.0004899559039686428 0.0009765625
0 0.3780009799118079 0.47802734375 0.0004899559039686428 0.0009765625
0 0.34370406663400294 0.46728515625 0.0004899559039686428 0.0009765625
0 0.28882900538951495 0.44384765625 0.0004899559039686428 0.0009765625
0 0.23297403233708966 0.42529296875 0.0004899559039686428 0.0009765625
