0 0.6053405193532582 0.28369140625 0.0004899559039686428 0.0009765625
0 0.6381675649191573 0.25634765625 0.0004899559039686428 0.0009765625
0 0.678343949044586 0.24658203125 0.0004899559039686428 0.0009765625
0 0.561734443900049 0.24365234375 0.0004899559039686428 0.0009765625
0 0.5695737383635473 0.31787109375 0.0004899559039686428 0.0009765625
0 0.6170994610485057 0.49072265625 0.0004899559039686428 0.0009765625
0 0.5867221950024498 0.51806640625 0.0004899559039686428 0.0009765625
0 0.5568348848603626 0.52294921875 0.0004899559039686428 0.0009765625
0 0.5210681038706516 0.54248046875 0.0004899559039686428 0.0009765625
0 0.4921607055365017 0.54443359375 0.0004899559039686428 0.0009765625
0 0.47795198432141106 0.54150390625 0.0004899559039686428 0.0009765625
0 0.4661930426261636 0.63037109375 0.0004899559039686428 0.0009765625
0 0.40004899559039686 0.53564453125 0.0004899559039686428 0.0009765625
0 0.2172954434100931 0.43115234375 0.0004899559039686428 0.0009765625
0 0.718030377266046 0.19482421875 0.0004899559039686428 0.0009765625
0 0.43091621754042136 0.55126953125 0.0004899559039686428 0.0009765625
0 0.7361587457128859 0.40673828125 0.0004899559039686428 0.0009765625
0 0.2471827535521803 0.19970703125 0.0004899559039686428 0.0009765625
0 0.26286134247917686 0.26123046875 0.0004899559039686428 0.0009765625
0 0.30401763841254287 0.25830078125 0.0004899559039686428 0.0009765625
0 0.3554630083292504 0.28369140625 0.0004899559039686428 0.0009765625
0 0.38975992160705536 0.28173828125 0.0004899559039686428 0.0009765625
0 0.4225869671729544 0.22802734375 0.0004899559039686428 0.0009765625
0 0.45933365997060266 0.26904296875 0.0004899559039686428 0.0009765625
0 0.4955903968642822 0.29638671875 0.0004899559039686428 0.0009765625
0 0.5235178833904949 0.28369140625 0.0004899559039686428 0.0009765625
0 0.6695247427731504 0.43505859375 0.0004899559039686428 0.0009765625
0 0.37702106810387065 0.51806640625 0.0004899559039686428 0.0009765625
0 0.349093581577658 0.51123046875 0.0004899559039686428 0.0009765625
0 0.24571288584027437 0.45654296875 0.0004899559039686428 0.0009765625
