0 0.6352278294953454 0.27685546875 0.0004899559039686428 0.0009765625
0 0.6592356687898089 0.25439453125 0.0004899559039686428 0.0009765625
0 0.7087212150906418 0.25634765625 0.0004899559039686428 0.0009765625
0 0.5676139147476728 0.22802734375 0.0004899559039686428 0.0009765625
0 0.6004409603135717 0.26904296875 0.0004899559039686428 0.0009765625
0 0.6327780499755022 0.50634765625 0.0004899559039686428 0.0009765625
0 0.6033806957373836 0.52392578125 0.0004899559039686428 0.0009765625
0 0.5749632533072023 0.52294921875 0.0004899559039686428 0.0009765625
0 0.5445859872611465 0.52880859375 0.0004899559039686428 0.0009765625
0 0.5186183243508085 0.53076171875 0.0004899559039686428 0.0009765625
0 0.49608035276825085 0.52392578125 0.0004899559039686428 0.0009765625
0 0.47501224889759924 0.53369140625 0.0004899559039686428 0.0009765625
0 0.41033806957373836 0.51611328125 0.0004899559039686428 0.0009765625
0 0.18005879470847624 0.48583984375 0.0004899559039686428 0.0009765625
0 0.7405683488486037 0.24658203125 0.0004899559039686428 0.0009765625
0 0.4485546300832925 0.52392578125 0.0004899559039686428 0.0009765625
0 0.7508574228319451 0.49755859375 0.0004899559039686428 0.0009765625
0 0.19034786869181775 0.23876953125 0.0004899559039686428 0.0009765625
0 0.2368936795688388 0.25341796875 0.0004899559039686428 0.0009765625
0 0.2917687408133268 0.25439453125 0.0004899559039686428 0.0009765625
0 0.33782459578637924 0.25048828125 0.0004899559039686428 0.0009765625
0 0.37261146496815284 0.26318359375 0.0004899559039686428 0.0009765625
0 0.3961293483586477 0.25341796875 0.0004899559039686428 0.0009765625
0 0.4348358647721705 0.28369140625 0.0004899559039686428 0.0009765625
0 0.4691327780499755 0.28369140625 0.0004899559039686428 0.0009765625
0 0.5034296913277805 0.28173828125 0.0004899559039686428 0.0009765625
0 0.5382165605095541 0.28662109375 0.0004899559039686428 0.0009765625
0 0.6896129348358647 0.47802734375 0.0004899559039686428 0.0009765625
0 0.3843704066634003 0.51806640625 0.0004899559039686428 0.0009765625
0 0.3466438020578148 0.51904296875 0.0004899559039686428 0.0009765625
0 0.2800097991180794 0.49267578125 0.0004899559039686428 0.0009765625
0 0.2241548260656541 0.46923828125 0.0004899559039686428 0.0009765625
