0 0.6366976972072513 0.31689453125 0.0004899559039686428 0.0009765625
0 0.6690347868691817 0.33251953125 0.0004899559039686428 0.0009765625
0 0.7131308182263596 0.28662109375 0.0004899559039686428 0.0009765625
0 0.5744732974032337 0.25634765625 0.0004899559039686428 0.0009765625
0 0.602890739833415 0.33251953125 0.0004899559039686428 0.0009765625
0 0.6386575208231259 0.55615234375 0.0004899559039686428 0.0009765625
0 0.6077902988731014 0.59814453125 0.0004899559039686428 0.0009765625
0 0.5725134737873592 0.61767578125 0.0004899559039686428 0.0009765625
0 0.5401763841254287 0.65771484375 0.0004899559039686428 0.0009765625
0 0.5176384125428711 0.60498046875 0.0004899559039686428 0.0009765625
0 0.49608035276825085 0.61962890625 0.0004899559039686428 0.0009765625
0 0.47011268985791277 0.62548828125 0.0004899559039686428 0.0009765625
0 0.3784909358157766 0.65283203125 0.0004899559039686428 0.0009765625
0 0.14233219010289075 0.47802734375 0.0004899559039686428 0.0009765625
0 0.7474277315041646 0.21826171875 0.0004899559039686428 0.0009765625
0 0.44120529152376287 0.61279296875 0.0004899559039686428 0.0009765625
0 0.7626163645271925 0.48779296875 0.0004899559039686428 0.0009765625
0 0.18936795688388045 0.14892578125 0.0004899559039686428 0.0009765625
0 0.20504654581087703 0.27685546875 0.0004899559039686428 0.0009765625
0 0.2574718275355218 0.31201171875 0.0004899559039686428 0.0009765625
0 0.3084272415482607 0.31201171875 0.0004899559039686428 0.0009765625
0 0.3397844194022538 0.31689453125 0.0004899559039686428 0.0009765625
0 0.37212150906418423 0.28662109375 0.0004899559039686428 0.0009765625
0 0.4142577168054875 0.36279296875 0.0004899559039686428 0.0009765625
0 0.4534541891229789 0.34814453125 0.0004899559039686428 0.0009765625
0 0.5034296913277805 0.35498046875 0.0004899559039686428 0.0009765625
0 0.5401763841254287 0.38134765625 0.0004899559039686428 0.0009765625
0 0.7003919647231749 0.50830078125 0.0004899559039686428 0.0009765625
0 0.3579127878490936 0.61962890625 0.0004899559039686428 0.0009765625
0 0.32214600685938266 0.59716796875 0.0004899559039686428 0.0009765625
0 0.2506124448799608 0.55322265625 0.0004899559039686428 0.0009765625
0 0.21337579617834396 0.50048828125 0.0004899559039686428 0.0009765625
