0 0.5950514453699167 0.35302734375 0.0004899559039686428 0.0009765625
0 0.6352278294953454 0.33740234375 0.0004899559039686428 0.0009765625
0 0.678343949044586 0.30712890625 0.0004899559039686428 0.0009765625
0 0.5612444879960804 0.33251953125 0.0004899559039686428 0.0009765625
0 0.6107300342969133 0.54638671875 0.0004899559039686428 0.0009765625
0 0.5813326800587947 0.59423828125 0.0004899559039686428 0.0009765625
0 0.5470357667809898 0.61474609375 0.0004899559039686428 0.0009765625
0 0.5156785889269966 0.63818359375 0.0004899559039686428 0.0009765625
0 0.486281234688878 0.64794921875 0.0004899559039686428 0.0009765625
0 0.4578637922586967 0.64599609375 0.0004899559039686428 0.0009765625
0 0.36673199412052915 0.62841796875 0.0004899559039686428 0.0009765625
0 0.16291033806957375 0.46533203125 0.0004899559039686428 0.0009765625
0 0.733219010289074 0.28466796875 0.0004899559039686428 0.0009765625
0 0.4269965703086722 0.64794921875 0.0004899559039686428 0.0009765625
0 0.727829495345419 0.43505859375 0.0004899559039686428 0.0009765625
0 0.2035766780989711 0.27197265625 0.0004899559039686428 0.0009765625
0 0.24326310632043116 0.31494140625 0.0004899559039686428 0.0009765625
0 0.28637922586967174 0.32958984375 0.0004899559039686428 0.0009765625
0 0.33341499265066143 0.33837890625 0.0004899559039686428 0.0009765625
0 0.3682018618324351 0.31982421875 0.0004899559039686428 0.0009765625
0 0.4015188633023028 0.39306640625 0.0004899559039686428 0.0009765625
0 0.44218520333170014 0.39111328125 0.0004899559039686428 0.0009765625
0 0.4843214110730034 0.38916015625 0.0004899559039686428 0.0009765625
0 0.5254777070063694 0.38037109375 0.0004899559039686428 0.0009765625
0 0.6695247427731504 0.48193359375 0.0004899559039686428 0.0009765625
0 0.31724644781969624 0.61279296875 0.0004899559039686428 0.0009765625
0 0.2687408133268006 0.54345703125 0.0004899559039686428 0.0009765625
0 0.21778539931406174 0.50537109375 0.0004899559039686428 0.0009765625
