0 0.6451351351351351 0.42822265625 0.0005405405405405405 0.0009765625
0 0.6781081081081081 0.39404296875 0.0005405405405405405 0.0009765625
0 0.7013513513513514 0.36572265625 0.0005405405405405405 0.0009765625
0 0.582972972972973 0.38134765625 0.0005405405405405405 0.0009765625
0 0.6121621621621621 0.44189453125 0.0005405405405405405 0.0009765625
0 0.6678378378378378 0.58837890625 0.0005405405405405405 0.0009765625
0 0.6181081081081081 0.62646484375 0.0005405405405405405 0.0009765625
0 0.582972972972973 0.64697265625 0.0005405405405405405 0.0009765625
0 0.5510810810810811 0.65380859375 0.0005405405405405405 0.0009765625
0 0.5251351351351351 0.64794921875 0.0005405405405405405 0.0009765625
0 0.497027027027027 0.64599609375 0.0005405405405405405 0.0009765625
0 0.46945945945945944 0.65087890625 0.0005405405405405405 0.0009765625
0 0.3824324324324324 0.63720703125 0.0005405405405405405 0.0009765625
0 0.43810810810810813 0.64306640625 0.0005405405405405405 0.0009765625
0 0.2602702702702703 0.34814453125 0.0005405405405405405 0.0009765625
0 0.2889189189189189 0.38232421875 0.0005405405405405405 0.0009765625
0 0.33972972972972976 0.37451171875 0.0005405405405405405 0.0009765625
0 0.3791891891891892 0.37451171875 0.0005405405405405405 0.0009765625
0 0.42567567567567566 0.36376953125 0.0005405405405405405 0.0009765625
0 0.4510810810810811 0.42626953125 0.0005405405405405405 0.0009765625
0 0.482972972972973 0.40576171875 0.0005405405405405405 0.0009765625
0 0.524054054054054 0.42431640625 0.0005405405405405405 0.0009765625
0 0.5656756756756757 0.45458984375 0.0005405405405405405 0.0009765625
0 0.7283783783783784 0.56396484375 0.0005405405405405405 0.0009765625
0 0.3483783783783784 0.64306640625 0.0005405405405405405 0.0009765625
0 0.2991891891891892 0.62353515625 0.0005405405405405405 0.0009765625
0 0.23972972972972972 0.56982421875 0.0005405405405405405 0.0009765625
0 0.19918918918918918 0.54736328125 0.0005405405405405405 0.0009765625
