0 0.6386575208231259 0.28173828125 0.0004899559039686428 0.0009765625
0 0.7087212150906418 0.25830078125 0.0004899559039686428 0.0009765625
0 0.5759431651151397 0.27197265625 0.0004899559039686428 0.0009765625
0 0.6053405193532582 0.28369140625 0.0004899559039686428 0.0009765625
0 0.6391474767270946 0.49462890625 0.0004899559039686428 0.0009765625
0 0.609750122488976 0.51904296875 0.0004899559039686428 0.0009765625
0 0.5788829005389515 0.53173828125 0.0004899559039686428 0.0009765625
0 0.5485056344928957 0.52880859375 0.0004899559039686428 0.0009765625
0 0.5200881920627144 0.54443359375 0.0004899559039686428 0.0009765625
0 0.49608035276825085 0.54150390625 0.0004899559039686428 0.0009765625
0 0.46766291033806956 0.54052734375 0.0004899559039686428 0.0009765625
0 0.4098481136697697 0.53369140625 0.0004899559039686428 0.0009765625
0 0.4407153356197942 0.53857421875 0.0004899559039686428 0.0009765625
0 0.7449779519843214 0.46728515625 0.0004899559039686428 0.0009765625
0 0.23934345908868201 0.25634765625 0.0004899559039686428 0.0009765625
0 0.328515433610975 0.31005859375 0.0004899559039686428 0.0009765625
0 0.3912297893189613 0.28466796875 0.0004899559039686428 0.0009765625
0 0.4279764821166095 0.29931640625 0.0004899559039686428 0.0009765625
0 0.46178343949044587 0.28662109375 0.0004899559039686428 0.0009765625
0 0.5019598236158745 0.29638671875 0.0004899559039686428 0.0009765625
0 0.5426261636452719 0.29736328125 0.0004899559039686428 0.0009765625
0 0.6925526702596766 0.47802734375 0.0004899559039686428 0.0009765625
0 0.3755512003919647 0.53173828125 0.0004899559039686428 0.0009765625
0 0.34272415482606566 0.52294921875 0.0004899559039686428 0.0009765625
0 0.21778539931406174 0.47998046875 0.0004899559039686428 0.0009765625
