0 0.6347378735913768 0.34228515625 0.0004899559039686428 0.0009765625
0 0.7092111709946105 0.30908203125 0.0004899559039686428 0.0009765625
0 0.5705536501714845 0.34326171875 0.0004899559039686428 0.0009765625
0 0.6068103870651641 0.32470703125 0.0004899559039686428 0.0009765625
0 0.644047035766781 0.52587890625 0.0004899559039686428 0.0009765625
0 0.6131798138167565 0.56591796875 0.0004899559039686428 0.0009765625
0 0.5818226359627634 0.56591796875 0.0004899559039686428 0.0009765625
0 0.5504654581087702 0.57470703125 0.0004899559039686428 0.0009765625
0 0.5225379715825575 0.56103515625 0.0004899559039686428 0.0009765625
0 0.49853013228809406 0.56689453125 0.0004899559039686428 0.0009765625
0 0.4740323370896619 0.56201171875 0.0004899559039686428 0.0009765625
0 0.40543851053405194 0.56201171875 0.0004899559039686428 0.0009765625
0 0.18201861832435082 0.47021484375 0.0004899559039686428 0.0009765625
0 0.7572268495835375 0.31396484375 0.0004899559039686428 0.0009765625
0 0.4461048505634493 0.56103515625 0.0004899559039686428 0.0009765625
0 0.7533072023517884 0.47314453125 0.0004899559039686428 0.0009765625
0 0.18838804507594317 0.28662109375 0.0004899559039686428 0.0009765625
0 0.23787359137677608 0.29736328125 0.0004899559039686428 0.0009765625
0 0.32459578637922587 0.28857421875 0.0004899559039686428 0.0009765625
0 0.3569328760411563 0.30224609375 0.0004899559039686428 0.0009765625
0 0.39759921607055365 0.28955078125 0.0004899559039686428 0.0009765625
0 0.43189612934835864 0.34033203125 0.0004899559039686428 0.0009765625
0 0.4612934835864772 0.33740234375 0.0004899559039686428 0.0009765625
0 0.5004899559039686 0.32763671875 0.0004899559039686428 0.0009765625
0 0.541156295933366 0.37353515625 0.0004899559039686428 0.0009765625
0 0.7003919647231749 0.49755859375 0.0004899559039686428 0.0009765625
0 0.3755512003919647 0.55322265625 0.0004899559039686428 0.0009765625
0 0.3451739343459089 0.53564453125 0.0004899559039686428 0.0009765625
0 0.22366487016168546 0.49462890625 0.0004899559039686428 0.0009765625
