0 0.6807937285644292 0.38330078125 0.0004899559039686428 0.0009765625
0 0.7351788339049485 0.36572265625 0.0004899559039686428 0.0009765625
0 0.589171974522293 0.43115234375 0.0004899559039686428 0.0009765625
0 0.6239588437040666 0.43701171875 0.0004899559039686428 0.0009765625
0 0.6626653601175894 0.60498046875 0.0004899559039686428 0.0009765625
0 0.6268985791278785 0.62255859375 0.0004899559039686428 0.0009765625
0 0.5926016658500735 0.64599609375 0.0004899559039686428 0.0009765625
0 0.5612444879960804 0.66357421875 0.0004899559039686428 0.0009765625
0 0.5318471337579618 0.65087890625 0.0004899559039686428 0.0009765625
0 0.5063694267515924 0.66259765625 0.0004899559039686428 0.0009765625
0 0.4843214110730034 0.66552734375 0.0004899559039686428 0.0009765625
0 0.41278784909358157 0.62841796875 0.0004899559039686428 0.0009765625
0 0.7782949534541891 0.34326171875 0.0004899559039686428 0.0009765625
0 0.4559039686428221 0.65380859375 0.0004899559039686428 0.0009765625
0 0.7680058794708476 0.51904296875 0.0004899559039686428 0.0009765625
0 0.15752082312591867 0.31689453125 0.0004899559039686428 0.0009765625
0 0.21337579617834396 0.31982421875 0.0004899559039686428 0.0009765625
0 0.2687408133268006 0.36279296875 0.0004899559039686428 0.0009765625
0 0.33831455169034785 0.35498046875 0.0004899559039686428 0.0009765625
0 0.3677119059284664 0.36376953125 0.0004899559039686428 0.0009765625
0 0.4015188633023028 0.37060546875 0.0004899559039686428 0.0009765625
0 0.44120529152376287 0.38623046875 0.0004899559039686428 0.0009765625
0 0.479421852033317 0.39404296875 0.0004899559039686428 0.0009765625
0 0.513718765311122 0.43115234375 0.0004899559039686428 0.0009765625
0 0.5543851053405193 0.43896484375 0.0004899559039686428 0.0009765625
0 0.7155805977462029 0.56689453125 0.0004899559039686428 0.0009765625
0 0.3784909358157766 0.62451171875 0.0004899559039686428 0.0009765625
0 0.33341499265066143 0.60498046875 0.0004899559039686428 0.0009765625
0 0.24914257716805488 0.58447265625 0.0004899559039686428 0.0009765625
0 0.19965703086722195 0.55615234375 0.0004899559039686428 0.0009765625
