0 0.6322880940715335 0.38916015625 0.0004899559039686428 0.0009765625
0 0.6709946104850564 0.39599609375 0.0004899559039686428 0.0009765625
0 0.7214600685938266 0.38134765625 0.0004899559039686428 0.0009765625
0 0.5700636942675159 0.39599609375 0.0004899559039686428 0.0009765625
0 0.6004409603135717 0.40185546875 0.0004899559039686428 0.0009765625
0 0.6616854483096521 0.61181640625 0.0004899559039686428 0.0009765625
0 0.6268985791278785 0.63623046875 0.0004899559039686428 0.0009765625
0 0.5930916217540422 0.65380859375 0.0004899559039686428 0.0009765625
0 0.5592846643802057 0.64599609375 0.0004899559039686428 0.0009765625
0 0.5235178833904949 0.64013671875 0.0004899559039686428 0.0009765625
0 0.5009799118079373 0.62548828125 0.0004899559039686428 0.0009765625
0 0.4764821166095051 0.62548828125 0.0004899559039686428 0.0009765625
0 0.41376776090151884 0.64794921875 0.0004899559039686428 0.0009765625
0 0.4475747182753552 0.63525390625 0.0004899559039686428 0.0009765625
0 0.22121509064184222 0.34326171875 0.0004899559039686428 0.0009765625
0 0.2662910338069574 0.40576171875 0.0004899559039686428 0.0009765625
0 0.3187163155316022 0.36083984375 0.0004899559039686428 0.0009765625
0 0.35154336109750123 0.37255859375 0.0004899559039686428 0.0009765625
0 0.38975992160705536 0.38525390625 0.0004899559039686428 0.0009765625
0 0.4279764821166095 0.40380859375 0.0004899559039686428 0.0009765625
0 0.46031357177853993 0.38818359375 0.0004899559039686428 0.0009765625
0 0.49951004409603134 0.38037109375 0.0004899559039686428 0.0009765625
0 0.5377266046055855 0.40380859375 0.0004899559039686428 0.0009765625
0 0.7121509064184224 0.57373046875 0.0004899559039686428 0.0009765625
0 0.376531112199902 0.65771484375 0.0004899559039686428 0.0009765625
0 0.31969622733953945 0.65087890625 0.0004899559039686428 0.0009765625
0 0.2560019598236159 0.61474609375 0.0004899559039686428 0.0009765625
0 0.20112689857912788 0.59521484375 0.0004899559039686428 0.0009765625
