0 0.6141597256246938 0.25830078125 0.0004899559039686428 0.0009765625
0 0.656295933365997 0.26416015625 0.0004899559039686428 0.0009765625
0 0.6959823615874571 0.23095703125 0.0004899559039686428 0.0009765625
0 0.5568348848603626 0.30224609375 0.0004899559039686428 0.0009765625
0 0.5852523272905439 0.28369140625 0.0004899559039686428 0.0009765625
0 0.628858402743753 0.53173828125 0.0004899559039686428 0.0009765625
0 0.5984811366976972 0.56591796875 0.0004899559039686428 0.0009765625
0 0.567123958843704 0.58642578125 0.0004899559039686428 0.0009765625
0 0.534296913277805 0.56103515625 0.0004899559039686428 0.0009765625
0 0.5083292503674669 0.56689453125 0.0004899559039686428 0.0009765625
0 0.4843214110730034 0.56982421875 0.0004899559039686428 0.0009765625
0 0.4691327780499755 0.59033203125 0.0004899559039686428 0.0009765625
0 0.4049485546300833 0.56201171875 0.0004899559039686428 0.0009765625
0 0.16144047035766781 0.45751953125 0.0004899559039686428 0.0009765625
0 0.7077413032827046 0.17529296875 0.0004899559039686428 0.0009765625
0 0.4436550710436061 0.55908203125 0.0004899559039686428 0.0009765625
0 0.7361587457128859 0.47705078125 0.0004899559039686428 0.0009765625
0 0.24326310632043116 0.23291015625 0.0004899559039686428 0.0009765625
0 0.2814796668299853 0.25439453125 0.0004899559039686428 0.0009765625
0 0.32312591866731993 0.26611328125 0.0004899559039686428 0.0009765625
0 0.3554630083292504 0.24658203125 0.0004899559039686428 0.0009765625
0 0.3863302302792749 0.23291015625 0.0004899559039686428 0.0009765625
0 0.4201371876531112 0.29248046875 0.0004899559039686428 0.0009765625
0 0.44953454189122977 0.31689453125 0.0004899559039686428 0.0009765625
0 0.4897109260166585 0.33447265625 0.0004899559039686428 0.0009765625
0 0.5298873101420872 0.33837890625 0.0004899559039686428 0.0009765625
0 0.6803037726604606 0.49267578125 0.0004899559039686428 0.0009765625
0 0.36918177364037236 0.56689453125 0.0004899559039686428 0.0009765625
0 0.3211660950514454 0.55126953125 0.0004899559039686428 0.0009765625
0 0.2643312101910828 0.51611328125 0.0004899559039686428 0.0009765625
0 0.21582557569818717 0.47509765625 0.0004899559039686428 0.0009765625
