0 0.6068103870651641 0.31689453125 0.0004899559039686428 0.0009765625
0 0.6935325820676139 0.30517578125 0.0004899559039686428 0.0009765625
0 0.5538951494365507 0.26318359375 0.0004899559039686428 0.0009765625
0 0.589171974522293 0.27197265625 0.0004899559039686428 0.0009765625
0 0.6102400783929446 0.54443359375 0.0004899559039686428 0.0009765625
0 0.5774130328270456 0.54638671875 0.0004899559039686428 0.0009765625
0 0.5632043116119549 0.55712890625 0.0004899559039686428 0.0009765625
0 0.534296913277805 0.56396484375 0.0004899559039686428 0.0009765625
0 0.4946104850563449 0.53662109375 0.0004899559039686428 0.0009765625
0 0.48824105830475256 0.54150390625 0.0004899559039686428 0.0009765625
0 0.48040176384125427 0.54443359375 0.0004899559039686428 0.0009765625
0 0.4196472317491426 0.54443359375 0.0004899559039686428 0.0009765625
0 0.1967172954434101 0.53369140625 0.0004899559039686428 0.0009765625
0 0.7381185693287604 0.31787109375 0.0004899559039686428 0.0009765625
0 0.45492405683488485 0.54150390625 0.0004899559039686428 0.0009765625
0 0.7322390984811367 0.51904296875 0.0004899559039686428 0.0009765625
0 0.2300342969132778 0.28955078125 0.0004899559039686428 0.0009765625
0 0.25355218030377263 0.27587890625 0.0004899559039686428 0.0009765625
0 0.29568838804507597 0.27880859375 0.0004899559039686428 0.0009765625
0 0.349093581577658 0.25341796875 0.0004899559039686428 0.0009765625
0 0.3780009799118079 0.24560546875 0.0004899559039686428 0.0009765625
0 0.40543851053405194 0.25146484375 0.0004899559039686428 0.0009765625
0 0.4407153356197942 0.24853515625 0.0004899559039686428 0.0009765625
0 0.47305242528172464 0.41357421875 0.0004899559039686428 0.0009765625
0 0.49853013228809406 0.40966796875 0.0004899559039686428 0.0009765625
0 0.5308672219500244 0.42333984375 0.0004899559039686428 0.0009765625
0 0.6729544341009309 0.53564453125 0.0004899559039686428 0.0009765625
0 0.38731014208721215 0.53857421875 0.0004899559039686428 0.0009765625
0 0.34272415482606566 0.53662109375 0.0004899559039686428 0.0009765625
0 0.2849093581577658 0.52783203125 0.0004899559039686428 0.0009765625
0 0.25796178343949044 0.51611328125 0.0004899559039686428 0.0009765625
