0 0.604360607545321 0.35791015625 0.0004899559039686428 0.0009765625
0 0.6293483586477217 0.33935546875 0.0004899559039686428 0.0009765625
0 0.6709946104850564 0.30908203125 0.0004899559039686428 0.0009765625
0 0.5436060754532092 0.33349609375 0.0004899559039686428 0.0009765625
0 0.5734933855952964 0.36181640625 0.0004899559039686428 0.0009765625
0 0.5872121509064184 0.58837890625 0.0004899559039686428 0.0009765625
0 0.5293973542381186 0.59912109375 0.0004899559039686428 0.0009765625
0 0.5097991180793728 0.60498046875 0.0004899559039686428 0.0009765625
0 0.48922097011268983 0.60400390625 0.0004899559039686428 0.0009765625
0 0.46962273395394416 0.60400390625 0.0004899559039686428 0.0009765625
0 0.41327780499755024 0.58544921875 0.0004899559039686428 0.0009765625
0 0.20259676629103382 0.50146484375 0.0004899559039686428 0.0009765625
0 0.7082312591866732 0.31201171875 0.0004899559039686428 0.0009765625
0 0.4480646741793239 0.59130859375 0.0004899559039686428 0.0009765625
0 0.6940225379715825 0.51611328125 0.0004899559039686428 0.0009765625
0 0.280499755022048 0.29541015625 0.0004899559039686428 0.0009765625
0 0.3113669769720725 0.30517578125 0.0004899559039686428 0.0009765625
0 0.376531112199902 0.32861328125 0.0004899559039686428 0.0009765625
0 0.4220970112689858 0.36279296875 0.0004899559039686428 0.0009765625
0 0.4534541891229789 0.37451171875 0.0004899559039686428 0.0009765625
0 0.47550220480156785 0.38916015625 0.0004899559039686428 0.0009765625
0 0.5029397354238119 0.38720703125 0.0004899559039686428 0.0009765625
0 0.5244977951984321 0.39404296875 0.0004899559039686428 0.0009765625
0 0.6479666829985301 0.55712890625 0.0004899559039686428 0.0009765625
0 0.3731014208721215 0.58740234375 0.0004899559039686428 0.0009765625
0 0.2437530622243998 0.53369140625 0.0004899559039686428 0.0009765625
