0 0.6933285509325682 0.42919921875 0.0007173601147776184 0.0009765625
0 0.7492826398852224 0.41552734375 0.0007173601147776184 0.0009765625
0 0.6316355810616929 0.48583984375 0.0007173601147776184 0.0009765625
0 0.6122668579626973 0.31396484375 0.0007173601147776184 0.0009765625
0 0.7349354375896701 0.59228515625 0.0007173601147776184 0.0009765625
0 0.6875896700143472 0.65185546875 0.0007173601147776184 0.0009765625
0 0.6330703012912482 0.66552734375 0.0007173601147776184 0.0009765625
0 0.5907460545193687 0.68505859375 0.0007173601147776184 0.0009765625
0 0.5455523672883787 0.68701171875 0.0007173601147776184 0.0009765625
0 0.5032281205164992 0.69287109375 0.0007173601147776184 0.0009765625
0 0.4644906743185079 0.68798828125 0.0007173601147776184 0.0009765625
0 0.30380200860832135 0.67333984375 0.0007173601147776184 0.0009765625
0 0.013988522238163558 0.50927734375 0.0007173601147776184 0.0009765625
0 0.7908895265423243 0.35693359375 0.0007173601147776184 0.0009765625
0 0.4171449067431851 0.68115234375 0.0007173601147776184 0.0009765625
0 0.8676470588235294 0.53759765625 0.0007173601147776184 0.0009765625
0 0.07998565279770445 0.27783203125 0.0007173601147776184 0.0009765625
0 0.12015781922525108 0.31787109375 0.0007173601147776184 0.0009765625
0 0.14741750358680059 0.36865234375 0.0007173601147776184 0.0009765625
0 0.2227403156384505 0.38720703125 0.0007173601147776184 0.0009765625
0 0.28084648493543757 0.46630859375 0.0007173601147776184 0.0009765625
0 0.3238880918220947 0.33642578125 0.0007173601147776184 0.0009765625
0 0.3733859397417504 0.48193359375 0.0007173601147776184 0.0009765625
0 0.3819942611190818 0.37744140625 0.0007173601147776184 0.0009765625
0 0.5010760401721664 0.42236328125 0.0007173601147776184 0.0009765625
0 0.5785509325681492 0.51123046875 0.0007173601147776184 0.0009765625
0 0.8281922525107605 0.60986328125 0.0007173601147776184 0.0009765625
0 0.2751076040172166 0.64697265625 0.0007173601147776184 0.0009765625
0 0.2148493543758967 0.62255859375 0.0007173601147776184 0.0009765625
0 0.1251793400286944 0.58740234375 0.0007173601147776184 0.0009765625
0 0.051291248206599714 0.59814453125 0.0007173601147776184 0.0009765625
