0 0.604360607545321 0.55126953125 0.0004899559039686428 0.0009765625
0 0.56859382655561 0.55615234375 0.0004899559039686428 0.0009765625
0 0.5416462518373346 0.55419921875 0.0004899559039686428 0.0009765625
0 0.5176384125428711 0.55419921875 0.0004899559039686428 0.0009765625
0 0.49608035276825085 0.56201171875 0.0004899559039686428 0.0009765625
0 0.4407153356197942 0.56201171875 0.0004899559039686428 0.0009765625
0 0.4735423811856933 0.56103515625 0.0004899559039686428 0.0009765625
0 0.42944634982851543 0.36865234375 0.0004899559039686428 0.0009765625
0 0.4118079372856443 0.54638671875 0.0004899559039686428 0.0009765625
0 0.37359137677609017 0.53173828125 0.0004899559039686428 0.0009765625
