0 0.6210191082802548 0.32275390625 0.0004899559039686428 0.0009765625
0 0.6597256246937776 0.30908203125 0.0004899559039686428 0.0009765625
0 0.7033317001469868 0.30908203125 0.0004899559039686428 0.0009765625
0 0.5573248407643312 0.32958984375 0.0004899559039686428 0.0009765625
0 0.6396374326310632 0.60009765625 0.0004899559039686428 0.0009765625
0 0.609750122488976 0.62353515625 0.0004899559039686428 0.0009765625
0 0.5852523272905439 0.62939453125 0.0004899559039686428 0.0009765625
0 0.5558549730524253 0.60986328125 0.0004899559039686428 0.0009765625
0 0.5269475747182754 0.61572265625 0.0004899559039686428 0.0009765625
0 0.506859382655561 0.61181640625 0.0004899559039686428 0.0009765625
0 0.48236158745712887 0.61669921875 0.0004899559039686428 0.0009765625
0 0.42650661440470355 0.61865234375 0.0004899559039686428 0.0009765625
0 0.45688388045075945 0.61669921875 0.0004899559039686428 0.0009765625
0 0.2662910338069574 0.31591796875 0.0004899559039686428 0.0009765625
0 0.3206761391474767 0.33837890625 0.0004899559039686428 0.0009765625
0 0.37016168544830963 0.34521484375 0.0004899559039686428 0.0009765625
0 0.4088682018618324 0.33642578125 0.0004899559039686428 0.0009765625
0 0.4431651151396374 0.34716796875 0.0004899559039686428 0.0009765625
0 0.4946104850563449 0.34814453125 0.0004899559039686428 0.0009765625
0 0.5264576188143067 0.38525390625 0.0004899559039686428 0.0009765625
0 0.6803037726604606 0.56103515625 0.0004899559039686428 0.0009765625
0 0.39318961293483584 0.62158203125 0.0004899559039686428 0.0009765625
0 0.2437530622243998 0.56884765625 0.0004899559039686428 0.0009765625
