0 0.650906418422342 0.27587890625 0.0004899559039686428 0.0009765625
0 0.6803037726604606 0.27392578125 0.0004899559039686428 0.0009765625
0 0.7292993630573248 0.27587890625 0.0004899559039686428 0.0009765625
0 0.5828025477707006 0.28662109375 0.0004899559039686428 0.0009765625
0 0.6112199902008819 0.27978515625 0.0004899559039686428 0.0009765625
0 0.6386575208231259 0.56005859375 0.0004899559039686428 0.0009765625
0 0.6009309162175405 0.55615234375 0.0004899559039686428 0.0009765625
0 0.5651641352278295 0.56689453125 0.0004899559039686428 0.0009765625
0 0.5338069573738363 0.57373046875 0.0004899559039686428 0.0009765625
0 0.5048995590396864 0.57177734375 0.0004899559039686428 0.0009765625
0 0.4784419402253797 0.57568359375 0.0004899559039686428 0.0009765625
0 0.3990690837824596 0.56884765625 0.0004899559039686428 0.0009765625
0 0.11881430671239589 0.47216796875 0.0004899559039686428 0.0009765625
0 0.7680058794708476 0.26025390625 0.0004899559039686428 0.0009765625
0 0.44708476237138656 0.57373046875 0.0004899559039686428 0.0009765625
0 0.7572268495835375 0.46435546875 0.0004899559039686428 0.0009765625
0 0.15213130818226359 0.25537109375 0.0004899559039686428 0.0009765625
0 0.20161685448309652 0.24267578125 0.0004899559039686428 0.0009765625
0 0.2540421362077413 0.29541015625 0.0004899559039686428 0.0009765625
0 0.30401763841254287 0.27783203125 0.0004899559039686428 0.0009765625
0 0.342234198922097 0.27587890625 0.0004899559039686428 0.0009765625
0 0.3780009799118079 0.29833984375 0.0004899559039686428 0.0009765625
0 0.4191572758451739 0.31103515625 0.0004899559039686428 0.0009765625
0 0.45688388045075945 0.33154296875 0.0004899559039686428 0.0009765625
0 0.49951004409603134 0.30419921875 0.0004899559039686428 0.0009765625
0 0.5470357667809898 0.31787109375 0.0004899559039686428 0.0009765625
0 0.7038216560509554 0.52685546875 0.0004899559039686428 0.0009765625
0 0.369671729544341 0.56298828125 0.0004899559039686428 0.0009765625
0 0.32998530132288095 0.56005859375 0.0004899559039686428 0.0009765625
0 0.24914257716805488 0.55126953125 0.0004899559039686428 0.0009765625
0 0.2035766780989711 0.52978515625 0.0004899559039686428 0.0009765625
