0 0.6411073003429691 0.33740234375 0.0004899559039686428 0.0009765625
0 0.6680548750612445 0.31591796875 0.0004899559039686428 0.0009765625
0 0.7229299363057324 0.29833984375 0.0004899559039686428 0.0009765625
0 0.5769230769230769 0.31787109375 0.0004899559039686428 0.0009765625
0 0.6048505634492896 0.34326171875 0.0004899559039686428 0.0009765625
0 0.6205291523762861 0.53369140625 0.0004899559039686428 0.0009765625
0 0.5818226359627634 0.53369140625 0.0004899559039686428 0.0009765625
0 0.5534051935325821 0.52783203125 0.0004899559039686428 0.0009765625
0 0.527437530622244 0.54443359375 0.0004899559039686428 0.0009765625
0 0.48922097011268983 0.54833984375 0.0004899559039686428 0.0009765625
0 0.4715825575698187 0.54052734375 0.0004899559039686428 0.0009765625
0 0.4049485546300833 0.54833984375 0.0004899559039686428 0.0009765625
0 0.779764821166095 0.31201171875 0.0004899559039686428 0.0009765625
0 0.4407153356197942 0.55419921875 0.0004899559039686428 0.0009765625
0 0.18936795688388045 0.30712890625 0.0004899559039686428 0.0009765625
0 0.25551200391964723 0.33447265625 0.0004899559039686428 0.0009765625
0 0.33047525722684956 0.31982421875 0.0004899559039686428 0.0009765625
0 0.3863302302792749 0.29443359375 0.0004899559039686428 0.0009765625
0 0.4299363057324841 0.29052734375 0.0004899559039686428 0.0009765625
0 0.4622733953944145 0.31982421875 0.0004899559039686428 0.0009765625
0 0.5073493385595297 0.28857421875 0.0004899559039686428 0.0009765625
0 0.5489955903968643 0.31396484375 0.0004899559039686428 0.0009765625
0 0.6665850073493386 0.53369140625 0.0004899559039686428 0.0009765625
0 0.3672219500244978 0.66552734375 0.0004899559039686428 0.0009765625
0 0.3339049485546301 0.56396484375 0.0004899559039686428 0.0009765625
0 0.1942675159235669 0.53564453125 0.0004899559039686428 0.0009765625
