0 0.6528662420382165 0.30712890625 0.0004899559039686428 0.0009765625
0 0.7048015678588927 0.27978515625 0.0004899559039686428 0.0009765625
0 0.587702106810387 0.29443359375 0.0004899559039686428 0.0009765625
0 0.6180793728564429 0.29931640625 0.0004899559039686428 0.0009765625
0 0.6489465948064674 0.51806640625 0.0004899559039686428 0.0009765625
0 0.5930916217540422 0.55712890625 0.0004899559039686428 0.0009765625
0 0.5622243998040176 0.56396484375 0.0004899559039686428 0.0009765625
0 0.5284174424301813 0.57373046875 0.0004899559039686428 0.0009765625
0 0.5004899559039686 0.57958984375 0.0004899559039686428 0.0009765625
0 0.47011268985791277 0.58154296875 0.0004899559039686428 0.0009765625
0 0.3961293483586477 0.58251953125 0.0004899559039686428 0.0009765625
0 0.14233219010289075 0.46240234375 0.0004899559039686428 0.0009765625
0 0.7611464968152867 0.25634765625 0.0004899559039686428 0.0009765625
0 0.4348358647721705 0.57666015625 0.0004899559039686428 0.0009765625
0 0.760656540911318 0.44189453125 0.0004899559039686428 0.0009765625
0 0.1634002939735424 0.27880859375 0.0004899559039686428 0.0009765625
0 0.20112689857912788 0.28173828125 0.0004899559039686428 0.0009765625
0 0.24963253307202352 0.31201171875 0.0004899559039686428 0.0009765625
0 0.3260656540911318 0.30126953125 0.0004899559039686428 0.0009765625
0 0.36428221460068594 0.27587890625 0.0004899559039686428 0.0009765625
0 0.4005389514943655 0.30224609375 0.0004899559039686428 0.0009765625
0 0.445124938755512 0.31787109375 0.0004899559039686428 0.0009765625
0 0.4970602645761881 0.30419921875 0.0004899559039686428 0.0009765625
0 0.5494855463008329 0.31201171875 0.0004899559039686428 0.0009765625
0 0.7077413032827046 0.49853515625 0.0004899559039686428 0.0009765625
0 0.35889269965703086 0.57177734375 0.0004899559039686428 0.0009765625
0 0.3167564919157276 0.55419921875 0.0004899559039686428 0.0009765625
0 0.18838804507594317 0.50341796875 0.0004899559039686428 0.0009765625
