0 0.6499265066144047 0.37060546875 0.0004899559039686428 0.0009765625
0 0.6842234198922097 0.37646484375 0.0004899559039686428 0.0009765625
0 0.5896619304262616 0.27880859375 0.0004899559039686428 0.0009765625
0 0.6729544341009309 0.57861328125 0.0004899559039686428 0.0009765625
0 0.6337579617834395 0.60791015625 0.0004899559039686428 0.0009765625
0 0.5979911807937286 0.61083984375 0.0004899559039686428 0.0009765625
0 0.5676139147476728 0.60498046875 0.0004899559039686428 0.0009765625
0 0.5338069573738363 0.60693359375 0.0004899559039686428 0.0009765625
0 0.5073493385595297 0.60498046875 0.0004899559039686428 0.0009765625
0 0.4764821166095051 0.60791015625 0.0004899559039686428 0.0009765625
0 0.3946594806467418 0.59228515625 0.0004899559039686428 0.0009765625
0 0.7616364527192553 0.34716796875 0.0004899559039686428 0.0009765625
0 0.44659480646741795 0.60302734375 0.0004899559039686428 0.0009765625
0 0.23787359137677608 0.32177734375 0.0004899559039686428 0.0009765625
0 0.3054875061244488 0.36279296875 0.0004899559039686428 0.0009765625
0 0.3755512003919647 0.30517578125 0.0004899559039686428 0.0009765625
0 0.4220970112689858 0.31396484375 0.0004899559039686428 0.0009765625
0 0.45737383635472806 0.32470703125 0.0004899559039686428 0.0009765625
0 0.5083292503674669 0.32958984375 0.0004899559039686428 0.0009765625
0 0.5543851053405193 0.31787109375 0.0004899559039686428 0.0009765625
0 0.719500244977952 0.53369140625 0.0004899559039686428 0.0009765625
0 0.36673199412052915 0.61181640625 0.0004899559039686428 0.0009765625
0 0.32753552180303774 0.59912109375 0.0004899559039686428 0.0009765625
0 0.23640372366487017 0.56689453125 0.0004899559039686428 0.0009765625
0 0.1829985301322881 0.51611328125 0.0004899559039686428 0.0009765625
