0 0.6058304752572269 0.30517578125 0.0004899559039686428 0.0009765625
0 0.6254287114159726 0.27978515625 0.0004899559039686428 0.0009765625
0 0.6680548750612445 0.26611328125 0.0004899559039686428 0.0009765625
0 0.5597746202841745 0.28369140625 0.0004899559039686428 0.0009765625
0 0.589171974522293 0.29736328125 0.0004899559039686428 0.0009765625
0 0.628858402743753 0.51611328125 0.0004899559039686428 0.0009765625
0 0.5955414012738853 0.53369140625 0.0004899559039686428 0.0009765625
0 0.5734933855952964 0.54833984375 0.0004899559039686428 0.0009765625
0 0.5445859872611465 0.55322265625 0.0004899559039686428 0.0009765625
0 0.5176384125428711 0.55712890625 0.0004899559039686428 0.0009765625
0 0.49804017638412545 0.54443359375 0.0004899559039686428 0.0009765625
0 0.47550220480156785 0.55322265625 0.0004899559039686428 0.0009765625
0 0.42160705536501714 0.54443359375 0.0004899559039686428 0.0009765625
0 0.19720725134737874 0.42431640625 0.0004899559039686428 0.0009765625
0 0.7092111709946105 0.26123046875 0.0004899559039686428 0.0009765625
0 0.4539441450269476 0.55908203125 0.0004899559039686428 0.0009765625
0 0.7219500244977952 0.44970703125 0.0004899559039686428 0.0009765625
0 0.23934345908868201 0.21240234375 0.0004899559039686428 0.0009765625
0 0.28392944634982853 0.25634765625 0.0004899559039686428 0.0009765625
0 0.3314551690347869 0.27685546875 0.0004899559039686428 0.0009765625
0 0.37702106810387065 0.27978515625 0.0004899559039686428 0.0009765625
0 0.40004899559039686 0.29150390625 0.0004899559039686428 0.0009765625
0 0.41376776090151884 0.29638671875 0.0004899559039686428 0.0009765625
0 0.44218520333170014 0.32275390625 0.0004899559039686428 0.0009765625
0 0.46864282214600683 0.31396484375 0.0004899559039686428 0.0009765625
0 0.5004899559039686 0.32275390625 0.0004899559039686428 0.0009765625
0 0.5318471337579618 0.28662109375 0.0004899559039686428 0.0009765625
0 0.6749142577168055 0.47509765625 0.0004899559039686428 0.0009765625
0 0.383390494855463 0.53857421875 0.0004899559039686428 0.0009765625
0 0.35154336109750123 0.51513671875 0.0004899559039686428 0.0009765625
0 0.28343949044585987 0.50244140625 0.0004899559039686428 0.0009765625
0 0.23297403233708966 0.46044921875 0.0004899559039686428 0.0009765625
