0 0.6861832435080842 0.37255859375 0.0004899559039686428 0.0009765625
0 0.5774130328270456 0.34033203125 0.0004899559039686428 0.0009765625
0 0.6121999020088192 0.51318359375 0.0004899559039686428 0.0009765625
0 0.5783929446349828 0.53662109375 0.0004899559039686428 0.0009765625
0 0.5485056344928957 0.55419921875 0.0004899559039686428 0.0009765625
0 0.5240078392944635 0.54931640625 0.0004899559039686428 0.0009765625
0 0.5048995590396864 0.55419921875 0.0004899559039686428 0.0009765625
0 0.48579127878490935 0.55322265625 0.0004899559039686428 0.0009765625
0 0.4279764821166095 0.50244140625 0.0004899559039686428 0.0009765625
0 0.46031357177853993 0.52099609375 0.0004899559039686428 0.0009765625
0 0.22856442920137188 0.34716796875 0.0004899559039686428 0.0009765625
0 0.3192062714355708 0.34716796875 0.0004899559039686428 0.0009765625
0 0.4818716315531602 0.36376953125 0.0004899559039686428 0.0009765625
0 0.5083292503674669 0.36279296875 0.0004899559039686428 0.0009765625
0 0.5485056344928957 0.35302734375 0.0004899559039686428 0.0009765625
0 0.3956393924546791 0.61279296875 0.0004899559039686428 0.0009765625
0 0.3549730524252817 0.54150390625 0.0004899559039686428 0.0009765625
