0 0.6633369330453563 0.41162109375 0.0005399568034557236 0.0009765625
0 0.7162526997840173 0.39306640625 0.0005399568034557236 0.0009765625
0 0.587742980561555 0.38818359375 0.0005399568034557236 0.0009765625
0 0.6233801295896328 0.42529296875 0.0005399568034557236 0.0009765625
0 0.6800755939524838 0.61376953125 0.0005399568034557236 0.0009765625
0 0.6498380129589633 0.64892578125 0.0005399568034557236 0.0009765625
0 0.6179805615550756 0.65576171875 0.0005399568034557236 0.0009765625
0 0.5866630669546437 0.66455078125 0.0005399568034557236 0.0009765625
0 0.552645788336933 0.66455078125 0.0005399568034557236 0.0009765625
0 0.5305075593952484 0.65283203125 0.0005399568034557236 0.0009765625
0 0.5002699784017278 0.67041015625 0.0005399568034557236 0.0009765625
0 0.41495680345572356 0.65185546875 0.0005399568034557236 0.0009765625
0 0.12661987041036718 0.59130859375 0.0005399568034557236 0.0009765625
0 0.7767278617710583 0.36962890625 0.0005399568034557236 0.0009765625
0 0.46301295896328293 0.65576171875 0.0005399568034557236 0.0009765625
0 0.8015658747300216 0.59716796875 0.0005399568034557236 0.0009765625
0 0.140658747300216 0.37353515625 0.0005399568034557236 0.0009765625
0 0.19033477321814254 0.38134765625 0.0005399568034557236 0.0009765625
0 0.25242980561555073 0.40283203125 0.0005399568034557236 0.0009765625
0 0.3199244060475162 0.40673828125 0.0005399568034557236 0.0009765625
0 0.35556155507559395 0.42724609375 0.0005399568034557236 0.0009765625
0 0.3776997840172786 0.39306640625 0.0005399568034557236 0.0009765625
0 0.4225161987041037 0.43603515625 0.0005399568034557236 0.0009765625
0 0.4527537796976242 0.43115234375 0.0005399568034557236 0.0009765625
0 0.5002699784017278 0.44482421875 0.0005399568034557236 0.0009765625
0 0.5521058315334774 0.42431640625 0.0005399568034557236 0.0009765625
0 0.7421706263498921 0.59423828125 0.0005399568034557236 0.0009765625
0 0.3674406047516199 0.64892578125 0.0005399568034557236 0.0009765625
0 0.3247840172786177 0.63134765625 0.0005399568034557236 0.0009765625
0 0.24757019438444924 0.61572265625 0.0005399568034557236 0.0009765625
0 0.19249460043196545 0.59423828125 0.0005399568034557236 0.0009765625
