0 0.6219990200881921 0.30908203125 0.0004899559039686428 0.0009765625
0 0.7013718765311122 0.28857421875 0.0004899559039686428 0.0009765625
0 0.5529152376286134 0.27587890625 0.0004899559039686428 0.0009765625
0 0.60828025477707 0.52392578125 0.0004899559039686428 0.0009765625
0 0.5622243998040176 0.52587890625 0.0004899559039686428 0.0009765625
0 0.5298873101420872 0.52587890625 0.0004899559039686428 0.0009765625
0 0.4941205291523763 0.54052734375 0.0004899559039686428 0.0009765625
0 0.479421852033317 0.53076171875 0.0004899559039686428 0.0009765625
0 0.4559039686428221 0.53173828125 0.0004899559039686428 0.0009765625
0 0.3961293483586477 0.50830078125 0.0004899559039686428 0.0009765625
0 0.42944634982851543 0.52294921875 0.0004899559039686428 0.0009765625
0 0.2300342969132778 0.22802734375 0.0004899559039686428 0.0009765625
0 0.35644292013718765 0.25634765625 0.0004899559039686428 0.0009765625
0 0.3961293483586477 0.26318359375 0.0004899559039686428 0.0009765625
0 0.42601665850073495 0.27197265625 0.0004899559039686428 0.0009765625
0 0.44953454189122977 0.28857421875 0.0004899559039686428 0.0009765625
0 0.5264576188143067 0.29443359375 0.0004899559039686428 0.0009765625
0 0.3652621264086232 0.49755859375 0.0004899559039686428 0.0009765625
0 0.3270455658990691 0.47509765625 0.0004899559039686428 0.0009765625
