0 0.623468887800098 0.41064453125 0.0004899559039686428 0.0009765625
0 0.6513963743263106 0.44384765625 0.0004899559039686428 0.0009765625
0 0.6959823615874571 0.40673828125 0.0004899559039686428 0.0009765625
0 0.5700636942675159 0.35791015625 0.0004899559039686428 0.0009765625
0 0.5994610485056345 0.38134765625 0.0004899559039686428 0.0009765625
0 0.5828025477707006 0.62451171875 0.0004899559039686428 0.0009765625
0 0.5568348848603626 0.62451171875 0.0004899559039686428 0.0009765625
0 0.5289073983341499 0.63037109375 0.0004899559039686428 0.0009765625
0 0.5039196472317491 0.62744140625 0.0004899559039686428 0.0009765625
0 0.47795198432141106 0.62841796875 0.0004899559039686428 0.0009765625
0 0.4098481136697697 0.62841796875 0.0004899559039686428 0.0009765625
0 0.45002449779519843 0.62255859375 0.0004899559039686428 0.0009765625
0 0.37163155316021557 0.35986328125 0.0004899559039686428 0.0009765625
0 0.40543851053405194 0.35009765625 0.0004899559039686428 0.0009765625
0 0.4407153356197942 0.38623046875 0.0004899559039686428 0.0009765625
0 0.47550220480156785 0.37548828125 0.0004899559039686428 0.0009765625
0 0.5367466927976482 0.42431640625 0.0004899559039686428 0.0009765625
0 0.38486036256736894 0.60986328125 0.0004899559039686428 0.0009765625
0 0.34027437530622245 0.59912109375 0.0004899559039686428 0.0009765625
0 0.27266046055854976 0.52294921875 0.0004899559039686428 0.0009765625
0 0.21582557569818717 0.48974609375 0.0004899559039686428 0.0009765625
