0 0.5632043116119549 0.38916015625 0.0004899559039686428 0.0009765625
0 0.6293483586477217 0.58251953125 0.0004899559039686428 0.0009765625
0 0.5950514453699167 0.59814453125 0.0004899559039686428 0.0009765625
0 0.5607545320921117 0.62548828125 0.0004899559039686428 0.0009765625
0 0.5338069573738363 0.64306640625 0.0004899559039686428 0.0009765625
0 0.5117589416952474 0.64697265625 0.0004899559039686428 0.0009765625
0 0.48579127878490935 0.65380859375 0.0004899559039686428 0.0009765625
0 0.45247427731504164 0.65087890625 0.0004899559039686428 0.0009765625
0 0.25453209211170996 0.32958984375 0.0004899559039686428 0.0009765625
0 0.4152376286134248 0.38818359375 0.0004899559039686428 0.0009765625
0 0.44904458598726116 0.42431640625 0.0004899559039686428 0.0009765625
0 0.49069083782459577 0.42919921875 0.0004899559039686428 0.0009765625
0 0.7067613914747672 0.50341796875 0.0004899559039686428 0.0009765625
0 0.31479666829985303 0.60205078125 0.0004899559039686428 0.0009765625
