0 0.7341989220970113 0.19580078125 0.0004899559039686428 0.0009765625
0 0.5828025477707006 0.28369140625 0.0004899559039686428 0.0009765625
0 0.6068103870651641 0.27978515625 0.0004899559039686428 0.0009765625
0 0.602890739833415 0.51025390625 0.0004899559039686428 0.0009765625
0 0.5573248407643312 0.54736328125 0.0004899559039686428 0.0009765625
0 0.5289073983341499 0.53564453125 0.0004899559039686428 0.0009765625
0 0.5058794708476237 0.54833984375 0.0004899559039686428 0.0009765625
0 0.479421852033317 0.54931640625 0.0004899559039686428 0.0009765625
0 0.41621754042136205 0.54931640625 0.0004899559039686428 0.0009765625
0 0.4475747182753552 0.53857421875 0.0004899559039686428 0.0009765625
0 0.2515923566878981 0.23583984375 0.0004899559039686428 0.0009765625
0 0.4358157765801078 0.30908203125 0.0004899559039686428 0.0009765625
0 0.46766291033806956 0.28466796875 0.0004899559039686428 0.0009765625
0 0.5097991180793728 0.26708984375 0.0004899559039686428 0.0009765625
0 0.5485056344928957 0.30126953125 0.0004899559039686428 0.0009765625
0 0.6847133757961783 0.44775390625 0.0004899559039686428 0.0009765625
0 0.37212150906418423 0.51806640625 0.0004899559039686428 0.0009765625
0 0.3466438020578148 0.50830078125 0.0004899559039686428 0.0009765625
0 0.27070063694267515 0.49462890625 0.0004899559039686428 0.0009765625
0 0.218765311121999 0.46240234375 0.0004899559039686428 0.0009765625
