0 0.6362077413032827 0.26611328125 0.0004899559039686428 0.0009765625
0 0.6665850073493386 0.28662109375 0.0004899559039686428 0.0009765625
0 0.7141107300342969 0.25341796875 0.0004899559039686428 0.0009765625
0 0.5592846643802057 0.22998046875 0.0004899559039686428 0.0009765625
0 0.5989710926016658 0.25341796875 0.0004899559039686428 0.0009765625
0 0.6484566389024988 0.52294921875 0.0004899559039686428 0.0009765625
0 0.6170994610485057 0.54052734375 0.0004899559039686428 0.0009765625
0 0.5847623713865752 0.52294921875 0.0004899559039686428 0.0009765625
0 0.5509554140127388 0.53076171875 0.0004899559039686428 0.0009765625
0 0.5161685448309652 0.51904296875 0.0004899559039686428 0.0009765625
0 0.4990200881920627 0.53564453125 0.0004899559039686428 0.0009765625
0 0.4735423811856933 0.52392578125 0.0004899559039686428 0.0009765625
0 0.41278784909358157 0.53369140625 0.0004899559039686428 0.0009765625
0 0.18838804507594317 0.49755859375 0.0004899559039686428 0.0009765625
0 0.7498775110240078 0.20849609375 0.0004899559039686428 0.0009765625
0 0.4436550710436061 0.52099609375 0.0004899559039686428 0.0009765625
0 0.7645761881430672 0.48779296875 0.0004899559039686428 0.0009765625
0 0.1942675159235669 0.32177734375 0.0004899559039686428 0.0009765625
0 0.23542381185693287 0.29638671875 0.0004899559039686428 0.0009765625
0 0.28343949044585987 0.32275390625 0.0004899559039686428 0.0009765625
0 0.3260656540911318 0.31396484375 0.0004899559039686428 0.0009765625
0 0.34860362567368935 0.29248046875 0.0004899559039686428 0.0009765625
0 0.3706516413522783 0.26708984375 0.0004899559039686428 0.0009765625
0 0.4191572758451739 0.28369140625 0.0004899559039686428 0.0009765625
0 0.4456148946594806 0.26904296875 0.0004899559039686428 0.0009765625
0 0.4867711905928466 0.26416015625 0.0004899559039686428 0.0009765625
0 0.5186183243508085 0.28466796875 0.0004899559039686428 0.0009765625
0 0.70578147966683 0.49755859375 0.0004899559039686428 0.0009765625
0 0.37898089171974525 0.54833984375 0.0004899559039686428 0.0009765625
0 0.3451739343459089 0.55322265625 0.0004899559039686428 0.0009765625
0 0.23640372366487017 0.52587890625 0.0004899559039686428 0.0009765625
