0 0.6621754042136208 0.33837890625 0.0004899559039686428 0.0009765625
0 0.6940225379715825 0.31201171875 0.0004899559039686428 0.0009765625
0 0.7410583047525723 0.27880859375 0.0004899559039686428 0.0009765625
0 0.5911317981381675 0.31396484375 0.0004899559039686428 0.0009765625
0 0.628858402743753 0.34326171875 0.0004899559039686428 0.0009765625
0 0.6670749632533072 0.54931640625 0.0004899559039686428 0.0009765625
0 0.6313081822635963 0.55712890625 0.0004899559039686428 0.0009765625
0 0.5960313571778539 0.55908203125 0.0004899559039686428 0.0009765625
0 0.5641842234198922 0.56591796875 0.0004899559039686428 0.0009765625
0 0.5318471337579618 0.57470703125 0.0004899559039686428 0.0009765625
0 0.5093091621754042 0.57470703125 0.0004899559039686428 0.0009765625
0 0.4828515433610975 0.57177734375 0.0004899559039686428 0.0009765625
0 0.41376776090151884 0.56982421875 0.0004899559039686428 0.0009765625
0 0.16389024987751102 0.51806640625 0.0004899559039686428 0.0009765625
0 0.7871141597256247 0.28173828125 0.0004899559039686428 0.0009765625
0 0.45198432141107303 0.57373046875 0.0004899559039686428 0.0009765625
0 0.7802547770700637 0.52099609375 0.0004899559039686428 0.0009765625
0 0.15997060264576188 0.28466796875 0.0004899559039686428 0.0009765625
0 0.20994610485056345 0.30126953125 0.0004899559039686428 0.0009765625
0 0.25796178343949044 0.31494140625 0.0004899559039686428 0.0009765625
0 0.3084272415482607 0.33837890625 0.0004899559039686428 0.0009765625
0 0.34272415482606566 0.33837890625 0.0004899559039686428 0.0009765625
0 0.37702106810387065 0.32177734375 0.0004899559039686428 0.0009765625
0 0.42062714355707986 0.34326171875 0.0004899559039686428 0.0009765625
0 0.4534541891229789 0.33837890625 0.0004899559039686428 0.0009765625
0 0.5048995590396864 0.34326171875 0.0004899559039686428 0.0009765625
0 0.5568348848603626 0.35107421875 0.0004899559039686428 0.0009765625
0 0.7283194512493876 0.51513671875 0.0004899559039686428 0.0009765625
0 0.3731014208721215 0.56884765625 0.0004899559039686428 0.0009765625
0 0.32998530132288095 0.57177734375 0.0004899559039686428 0.0009765625
0 0.2697207251347379 0.56103515625 0.0004899559039686428 0.0009765625
0 0.20455658990690836 0.53564453125 0.0004899559039686428 0.0009765625
