0 0.6033806957373836 0.31396484375 0.0004899559039686428 0.0009765625
0 0.6479666829985301 0.30712890625 0.0004899559039686428 0.0009765625
0 0.5607545320921117 0.32861328125 0.0004899559039686428 0.0009765625
0 0.5725134737873592 0.57177734375 0.0004899559039686428 0.0009765625
0 0.5455658990690838 0.58154296875 0.0004899559039686428 0.0009765625
0 0.5215580597746203 0.58154296875 0.0004899559039686428 0.0009765625
0 0.49951004409603134 0.58251953125 0.0004899559039686428 0.0009765625
0 0.47501224889759924 0.58154296875 0.0004899559039686428 0.0009765625
0 0.4073983341499265 0.57177734375 0.0004899559039686428 0.0009765625
0 0.44904458598726116 0.56982421875 0.0004899559039686428 0.0009765625
0 0.2878490935815777 0.27392578125 0.0004899559039686428 0.0009765625
0 0.35399314061734444 0.33447265625 0.0004899559039686428 0.0009765625
0 0.38486036256736894 0.31494140625 0.0004899559039686428 0.0009765625
0 0.42405683488486035 0.34228515625 0.0004899559039686428 0.0009765625
0 0.45247427731504164 0.35009765625 0.0004899559039686428 0.0009765625
0 0.49069083782459577 0.32177734375 0.0004899559039686428 0.0009765625
0 0.5303772660460558 0.32763671875 0.0004899559039686428 0.0009765625
0 0.3206761391474767 0.57958984375 0.0004899559039686428 0.0009765625
