0 0.628858402743753 0.31201171875 0.0004899559039686428 0.0009765625
0 0.6670749632533072 0.36767578125 0.0004899559039686428 0.0009765625
0 0.712640862322391 0.31689453125 0.0004899559039686428 0.0009765625
0 0.567123958843704 0.31982421875 0.0004899559039686428 0.0009765625
0 0.5916217540421362 0.34228515625 0.0004899559039686428 0.0009765625
0 0.6219990200881921 0.57177734375 0.0004899559039686428 0.0009765625
0 0.5886820186183244 0.57373046875 0.0004899559039686428 0.0009765625
0 0.554875061244488 0.57958984375 0.0004899559039686428 0.0009765625
0 0.5249877511024008 0.58935546875 0.0004899559039686428 0.0009765625
0 0.4990200881920627 0.60302734375 0.0004899559039686428 0.0009765625
0 0.4740323370896619 0.61083984375 0.0004899559039686428 0.0009765625
0 0.40102890739833413 0.58935546875 0.0004899559039686428 0.0009765625
0 0.1727094561489466 0.51025390625 0.0004899559039686428 0.0009765625
0 0.7371386575208231 0.28857421875 0.0004899559039686428 0.0009765625
0 0.43973542381185693 0.59716796875 0.0004899559039686428 0.0009765625
0 0.738608525232729 0.49853515625 0.0004899559039686428 0.0009765625
0 0.19034786869181775 0.26611328125 0.0004899559039686428 0.0009765625
0 0.21778539931406174 0.30126953125 0.0004899559039686428 0.0009765625
0 0.26482116609505146 0.37060546875 0.0004899559039686428 0.0009765625
0 0.3133268005879471 0.35009765625 0.0004899559039686428 0.0009765625
0 0.3441940225379716 0.37060546875 0.0004899559039686428 0.0009765625
0 0.3780009799118079 0.31201171875 0.0004899559039686428 0.0009765625
0 0.41376776090151884 0.36279296875 0.0004899559039686428 0.0009765625
0 0.4436550710436061 0.34814453125 0.0004899559039686428 0.0009765625
0 0.4921607055365017 0.34716796875 0.0004899559039686428 0.0009765625
0 0.5352768250857423 0.35791015625 0.0004899559039686428 0.0009765625
0 0.6856932876041156 0.53857421875 0.0004899559039686428 0.0009765625
0 0.37163155316021557 0.58154296875 0.0004899559039686428 0.0009765625
0 0.3309652131308182 0.57470703125 0.0004899559039686428 0.0009765625
0 0.253062224399804 0.54638671875 0.0004899559039686428 0.0009765625
0 0.2035766780989711 0.53076171875 0.0004899559039686428 0.0009765625
