0 0.6576113558492414 0.31494140625 0.0004894762604013706 0.0009765625
0 0.7437591776798825 0.24853515625 0.0004894762604013706 0.0009765625
0 0.588595203132648 0.28466796875 0.0004894762604013706 0.0009765625
0 0.6243269701419482 0.31005859375 0.0004894762604013706 0.0009765625
0 0.6458639255996084 0.51123046875 0.0004894762604013706 0.0009765625
0 0.6116005873715125 0.54931640625 0.0004894762604013706 0.0009765625
0 0.5851688693098385 0.56982421875 0.0004894762604013706 0.0009765625
0 0.5465002447381302 0.56396484375 0.0004894762604013706 0.0009765625
0 0.5161527165932452 0.55712890625 0.0004894762604013706 0.0009765625
0 0.4946157611355849 0.56591796875 0.0004894762604013706 0.0009765625
0 0.46916299559471364 0.54833984375 0.0004894762604013706 0.0009765625
0 0.41972589329417526 0.59423828125 0.0004894762604013706 0.0009765625
0 0.15345080763582966 0.42919921875 0.0004894762604013706 0.0009765625
0 0.4534997552618698 0.57958984375 0.0004894762604013706 0.0009765625
0 0.22197748409202153 0.28173828125 0.0004894762604013706 0.0009765625
0 0.27826725403817915 0.29541015625 0.0004894762604013706 0.0009765625
0 0.35952031326480666 0.33544921875 0.0004894762604013706 0.0009765625
0 0.3976994615761136 0.26904296875 0.0004894762604013706 0.0009765625
0 0.4397944199706314 0.32275390625 0.0004894762604013706 0.0009765625
0 0.4818893783651493 0.34814453125 0.0004894762604013706 0.0009765625
0 0.517131669114048 0.32568359375 0.0004894762604013706 0.0009765625
0 0.5533529123837494 0.32275390625 0.0004894762604013706 0.0009765625
0 0.7075379344101811 0.46923828125 0.0004894762604013706 0.0009765625
0 0.38595203132648065 0.57373046875 0.0004894762604013706 0.0009765625
0 0.3453255017131669 0.56591796875 0.0004894762604013706 0.0009765625
0 0.2865883504650025 0.52587890625 0.0004894762604013706 0.0009765625
