0 0.6513963743263106 0.36767578125 0.0004899559039686428 0.0009765625
0 0.6822635962763351 0.36376953125 0.0004899559039686428 0.0009765625
0 0.7204801567858893 0.31689453125 0.0004899559039686428 0.0009765625
0 0.589171974522293 0.37353515625 0.0004899559039686428 0.0009765625
0 0.6210191082802548 0.37646484375 0.0004899559039686428 0.0009765625
0 0.6523762861342479 0.55322265625 0.0004899559039686428 0.0009765625
0 0.6215090641842235 0.58935546875 0.0004899559039686428 0.0009765625
0 0.5862322390984811 0.60498046875 0.0004899559039686428 0.0009765625
0 0.5583047525722685 0.61767578125 0.0004899559039686428 0.0009765625
0 0.5240078392944635 0.62744140625 0.0004899559039686428 0.0009765625
0 0.5024497795198433 0.63525390625 0.0004899559039686428 0.0009765625
0 0.479421852033317 0.63525390625 0.0004899559039686428 0.0009765625
0 0.4118079372856443 0.62744140625 0.0004899559039686428 0.0009765625
0 0.17564919157275846 0.48486328125 0.0004899559039686428 0.0009765625
0 0.7474277315041646 0.28466796875 0.0004899559039686428 0.0009765625
0 0.4475747182753552 0.62744140625 0.0004899559039686428 0.0009765625
0 0.7464478196962273 0.46533203125 0.0004899559039686428 0.0009765625
0 0.2163155316021558 0.30908203125 0.0004899559039686428 0.0009765625
0 0.2643312101910828 0.31689453125 0.0004899559039686428 0.0009765625
0 0.3206761391474767 0.37646484375 0.0004899559039686428 0.0009765625
0 0.3549730524252817 0.38525390625 0.0004899559039686428 0.0009765625
0 0.39073983341499263 0.35498046875 0.0004899559039686428 0.0009765625
0 0.4304262616364527 0.41357421875 0.0004899559039686428 0.0009765625
0 0.47060264576188143 0.39794921875 0.0004899559039686428 0.0009765625
0 0.5127388535031847 0.38330078125 0.0004899559039686428 0.0009765625
0 0.5568348848603626 0.39111328125 0.0004899559039686428 0.0009765625
0 0.7028417442430182 0.51513671875 0.0004899559039686428 0.0009765625
0 0.369671729544341 0.62548828125 0.0004899559039686428 0.0009765625
0 0.3309652131308182 0.60791015625 0.0004899559039686428 0.0009765625
0 0.26482116609505146 0.57373046875 0.0004899559039686428 0.0009765625
0 0.22513473787359137 0.53076171875 0.0004899559039686428 0.0009765625
