0 0.6411073003429691 0.41162109375 0.0004899559039686428 0.0009765625
0 0.6896129348358647 0.37060546875 0.0004899559039686428 0.0009765625
0 0.5783929446349828 0.38134765625 0.0004899559039686428 0.0009765625
0 0.6156295933365997 0.38037109375 0.0004899559039686428 0.0009765625
0 0.6195492405683488 0.61279296875 0.0004899559039686428 0.0009765625
0 0.5896619304262616 0.64013671875 0.0004899559039686428 0.0009765625
0 0.5587947084762371 0.63525390625 0.0004899559039686428 0.0009765625
0 0.5455658990690838 0.65185546875 0.0004899559039686428 0.0009765625
0 0.5200881920627144 0.63525390625 0.0004899559039686428 0.0009765625
0 0.5044096031357178 0.63232421875 0.0004899559039686428 0.0009765625
0 0.48040176384125427 0.62451171875 0.0004899559039686428 0.0009765625
0 0.4196472317491426 0.62451171875 0.0004899559039686428 0.0009765625
0 0.7131308182263596 0.30126953125 0.0004899559039686428 0.0009765625
0 0.4485546300832925 0.62548828125 0.0004899559039686428 0.0009765625
0 0.7381185693287604 0.57958984375 0.0004899559039686428 0.0009765625
0 0.24571288584027437 0.31005859375 0.0004899559039686428 0.0009765625
0 0.2633512983831455 0.39404296875 0.0004899559039686428 0.0009765625
0 0.30254777070063693 0.38525390625 0.0004899559039686428 0.0009765625
0 0.3603625673689368 0.36279296875 0.0004899559039686428 0.0009765625
0 0.3912297893189613 0.37353515625 0.0004899559039686428 0.0009765625
0 0.40543851053405194 0.35498046875 0.0004899559039686428 0.0009765625
0 0.43924546790788827 0.35009765625 0.0004899559039686428 0.0009765625
0 0.47305242528172464 0.36279296875 0.0004899559039686428 0.0009765625
0 0.5107790298873102 0.36279296875 0.0004899559039686428 0.0009765625
0 0.5455658990690838 0.38134765625 0.0004899559039686428 0.0009765625
0 0.6793238608525233 0.57958984375 0.0004899559039686428 0.0009765625
0 0.3799608035276825 0.63232421875 0.0004899559039686428 0.0009765625
0 0.31969622733953945 0.61962890625 0.0004899559039686428 0.0009765625
0 0.25453209211170996 0.58154296875 0.0004899559039686428 0.0009765625
0 0.19965703086722195 0.58154296875 0.0004899559039686428 0.0009765625
