0 0.6484566389024988 0.33544921875 0.0004899559039686428 0.0009765625
0 0.6837334639882411 0.30908203125 0.0004899559039686428 0.0009765625
0 0.7297893189612935 0.28564453125 0.0004899559039686428 0.0009765625
0 0.5798628123468887 0.29638671875 0.0004899559039686428 0.0009765625
0 0.6141597256246938 0.35400390625 0.0004899559039686428 0.0009765625
0 0.7067613914747672 0.51513671875 0.0004899559039686428 0.0009765625
0 0.6518863302302793 0.55126953125 0.0004899559039686428 0.0009765625
0 0.6131798138167565 0.57373046875 0.0004899559039686428 0.0009765625
0 0.5774130328270456 0.58154296875 0.0004899559039686428 0.0009765625
0 0.5377266046055855 0.58740234375 0.0004899559039686428 0.0009765625
0 0.5048995590396864 0.61279296875 0.0004899559039686428 0.0009765625
0 0.3887800097991181 0.57666015625 0.0004899559039686428 0.0009765625
0 0.17123958843704068 0.50244140625 0.0004899559039686428 0.0009765625
0 0.7503674669279765 0.26416015625 0.0004899559039686428 0.0009765625
0 0.4485546300832925 0.59033203125 0.0004899559039686428 0.0009765625
0 0.21043606075453208 0.24365234375 0.0004899559039686428 0.0009765625
0 0.22464478196962273 0.23095703125 0.0004899559039686428 0.0009765625
0 0.27266046055854976 0.30712890625 0.0004899559039686428 0.0009765625
0 0.3294953454189123 0.32666015625 0.0004899559039686428 0.0009765625
0 0.3637922586967173 0.35595703125 0.0004899559039686428 0.0009765625
0 0.403968642822146 0.27099609375 0.0004899559039686428 0.0009765625
0 0.43973542381185693 0.37744140625 0.0004899559039686428 0.0009765625
0 0.46962273395394416 0.37353515625 0.0004899559039686428 0.0009765625
0 0.5127388535031847 0.36962890625 0.0004899559039686428 0.0009765625
0 0.5499755022048015 0.35400390625 0.0004899559039686428 0.0009765625
0 0.7738853503184714 0.54541015625 0.0004899559039686428 0.0009765625
0 0.3760411562959334 0.56787109375 0.0004899559039686428 0.0009765625
0 0.33488486036256737 0.55419921875 0.0004899559039686428 0.0009765625
0 0.25796178343949044 0.51904296875 0.0004899559039686428 0.0009765625
0 0.21141597256246938 0.47802734375 0.0004899559039686428 0.0009765625
