0 0.6357177853993141 0.40771484375 0.0004899559039686428 0.0009765625
0 0.6656050955414012 0.42041015625 0.0004899559039686428 0.0009765625
0 0.7116609505144537 0.35595703125 0.0004899559039686428 0.0009765625
0 0.5744732974032337 0.39697265625 0.0004899559039686428 0.0009765625
0 0.5979911807937286 0.39306640625 0.0004899559039686428 0.0009765625
0 0.6362077413032827 0.57958984375 0.0004899559039686428 0.0009765625
0 0.6053405193532582 0.62841796875 0.0004899559039686428 0.0009765625
0 0.5779029887310142 0.65087890625 0.0004899559039686428 0.0009765625
0 0.5460558549730524 0.65869140625 0.0004899559039686428 0.0009765625
0 0.5176384125428711 0.66748046875 0.0004899559039686428 0.0009765625
0 0.493140617344439 0.67333984375 0.0004899559039686428 0.0009765625
0 0.4691327780499755 0.67236328125 0.0004899559039686428 0.0009765625
0 0.40200881920627146 0.65380859375 0.0004899559039686428 0.0009765625
0 0.15605095541401273 0.54638671875 0.0004899559039686428 0.0009765625
0 0.7420382165605095 0.31396484375 0.0004899559039686428 0.0009765625
0 0.4407153356197942 0.66357421875 0.0004899559039686428 0.0009765625
0 0.7567368936795689 0.55029296875 0.0004899559039686428 0.0009765625
0 0.2035766780989711 0.34814453125 0.0004899559039686428 0.0009765625
0 0.2310142087212151 0.36669921875 0.0004899559039686428 0.0009765625
0 0.27658010779029885 0.38232421875 0.0004899559039686428 0.0009765625
0 0.3206761391474767 0.39892578125 0.0004899559039686428 0.0009765625
0 0.3549730524252817 0.41845703125 0.0004899559039686428 0.0009765625
0 0.3853503184713376 0.40771484375 0.0004899559039686428 0.0009765625
0 0.42650661440470355 0.42041015625 0.0004899559039686428 0.0009765625
0 0.4612934835864772 0.40966796875 0.0004899559039686428 0.0009765625
0 0.5019598236158745 0.40771484375 0.0004899559039686428 0.0009765625
0 0.5382165605095541 0.42041015625 0.0004899559039686428 0.0009765625
0 0.6945124938755513 0.54541015625 0.0004899559039686428 0.0009765625
0 0.3652621264086232 0.64599609375 0.0004899559039686428 0.0009765625
0 0.3064674179323861 0.63037109375 0.0004899559039686428 0.0009765625
0 0.24914257716805488 0.58740234375 0.0004899559039686428 0.0009765625
0 0.2035766780989711 0.54638671875 0.0004899559039686428 0.0009765625
