0 0.6727851199216838 0.37939453125 0.0004894762604013706 0.0009765625
0 0.577826725403818 0.36279296875 0.0004894762604013706 0.0009765625
0 0.6238374938815467 0.58056640625 0.0004894762604013706 0.0009765625
0 0.5905531081742535 0.59033203125 0.0004894762604013706 0.0009765625
0 0.5602055800293686 0.59814453125 0.0004894762604013706 0.0009765625
0 0.5332843857072932 0.60205078125 0.0004894762604013706 0.0009765625
0 0.5073421439060205 0.61279296875 0.0004894762604013706 0.0009765625
0 0.4769946157611356 0.61083984375 0.0004894762604013706 0.0009765625
0 0.390357317670093 0.59326171875 0.0004894762604013706 0.0009765625
0 0.20044052863436124 0.47607421875 0.0004894762604013706 0.0009765625
0 0.7310327949094468 0.30322265625 0.0004894762604013706 0.0009765625
0 0.44077337249143417 0.60595703125 0.0004894762604013706 0.0009765625
0 0.7148800783162017 0.50927734375 0.0004894762604013706 0.0009765625
0 0.22540381791483113 0.28564453125 0.0004894762604013706 0.0009765625
0 0.3923152227116985 0.35400390625 0.0004894762604013706 0.0009765625
0 0.4334312285854136 0.39892578125 0.0004894762604013706 0.0009765625
0 0.46622613803230545 0.37744140625 0.0004894762604013706 0.0009765625
0 0.5078316201664219 0.37939453125 0.0004894762604013706 0.0009765625
0 0.5465002447381302 0.40576171875 0.0004894762604013706 0.0009765625
0 0.3737151248164464 0.57470703125 0.0004894762604013706 0.0009765625
0 0.3237885462555066 0.55712890625 0.0004894762604013706 0.0009765625
0 0.23078805677924621 0.51416015625 0.0004894762604013706 0.0009765625
