0 0.6552993130520117 0.39501953125 0.0004906771344455348 0.0009765625
0 0.6852306182531894 0.35693359375 0.0004906771344455348 0.0009765625
0 0.7269381746810598 0.33154296875 0.0004906771344455348 0.0009765625
0 0.5895485770363101 0.36083984375 0.0004906771344455348 0.0009765625
0 0.6229146221786065 0.40771484375 0.0004906771344455348 0.0009765625
0 0.6597154072620216 0.59912109375 0.0004906771344455348 0.0009765625
0 0.6258586849852796 0.61279296875 0.0004906771344455348 0.0009765625
0 0.5929833169774289 0.61083984375 0.0004906771344455348 0.0009765625
0 0.5615799803729146 0.60498046875 0.0004906771344455348 0.0009765625
0 0.5336113837095191 0.59814453125 0.0004906771344455348 0.0009765625
0 0.5071148184494603 0.60009765625 0.0004906771344455348 0.0009765625
0 0.48307163886162907 0.60009765625 0.0004906771344455348 0.0009765625
0 0.4138861629048086 0.59423828125 0.0004906771344455348 0.0009765625
0 0.1557899901864573 0.51806640625 0.0004906771344455348 0.0009765625
0 0.7632482826300294 0.33349609375 0.0004906771344455348 0.0009765625
0 0.45068694798822373 0.59619140625 0.0004906771344455348 0.0009765625
0 0.7612855740922473 0.55224609375 0.0004906771344455348 0.0009765625
0 0.18179587831207067 0.32666015625 0.0004906771344455348 0.0009765625
0 0.22644749754661433 0.32666015625 0.0004906771344455348 0.0009765625
0 0.27502453385672226 0.33935546875 0.0004906771344455348 0.0009765625
0 0.32507360157016685 0.35693359375 0.0004906771344455348 0.0009765625
0 0.36040235525024533 0.36279296875 0.0004906771344455348 0.0009765625
0 0.38837095191364085 0.35498046875 0.0004906771344455348 0.0009765625
0 0.4320412168792934 0.38623046875 0.0004906771344455348 0.0009765625
0 0.4698233562315996 0.37353515625 0.0004906771344455348 0.0009765625
0 0.5134936211972522 0.38916015625 0.0004906771344455348 0.0009765625
0 0.5542198233562315 0.37255859375 0.0004906771344455348 0.0009765625
0 0.7122178606476938 0.57861328125 0.0004906771344455348 0.0009765625
0 0.3800294406280667 0.59814453125 0.0004906771344455348 0.0009765625
0 0.3231108930323847 0.59619140625 0.0004906771344455348 0.0009765625
0 0.2755152109911678 0.58349609375 0.0004906771344455348 0.0009765625
0 0.19455348380765455 0.54541015625 0.0004906771344455348 0.0009765625
