0 0.7043116119549241 0.31787109375 0.0004899559039686428 0.0009765625
0 0.5534051935325821 0.32470703125 0.0004899559039686428 0.0009765625
0 0.5930916217540422 0.30908203125 0.0004899559039686428 0.0009765625
0 0.6278784909358158 0.51904296875 0.0004899559039686428 0.0009765625
0 0.6058304752572269 0.52490234375 0.0004899559039686428 0.0009765625
0 0.567123958843704 0.53759765625 0.0004899559039686428 0.0009765625
0 0.5416462518373346 0.54443359375 0.0004899559039686428 0.0009765625
0 0.5093091621754042 0.52685546875 0.0004899559039686428 0.0009765625
0 0.4838314551690348 0.53564453125 0.0004899559039686428 0.0009765625
0 0.4088682018618324 0.52001953125 0.0004899559039686428 0.0009765625
0 0.11832435080842724 0.45263671875 0.0004899559039686428 0.0009765625
0 0.7459578637922587 0.31201171875 0.0004899559039686428 0.0009765625
0 0.45247427731504164 0.53173828125 0.0004899559039686428 0.0009765625
0 0.23395394414502696 0.28173828125 0.0004899559039686428 0.0009765625
0 0.3853503184713376 0.30712890625 0.0004899559039686428 0.0009765625
0 0.4299363057324841 0.35400390625 0.0004899559039686428 0.0009765625
0 0.4784419402253797 0.34619140625 0.0004899559039686428 0.0009765625
0 0.5093091621754042 0.34814453125 0.0004899559039686428 0.0009765625
0 0.36673199412052915 0.52685546875 0.0004899559039686428 0.0009765625
0 0.3241058304752572 0.51025390625 0.0004899559039686428 0.0009765625
