0 0.6445369916707496 0.32666015625 0.0004899559039686428 0.0009765625
0 0.67687408133268 0.33056640625 0.0004899559039686428 0.0009765625
0 0.7258696717295443 0.32861328125 0.0004899559039686428 0.0009765625
0 0.5779029887310142 0.36474609375 0.0004899559039686428 0.0009765625
0 0.6102400783929446 0.35595703125 0.0004899559039686428 0.0009765625
0 0.6430671239588437 0.56298828125 0.0004899559039686428 0.0009765625
0 0.6156295933365997 0.60302734375 0.0004899559039686428 0.0009765625
0 0.583782459578638 0.59814453125 0.0004899559039686428 0.0009765625
0 0.5558549730524253 0.61083984375 0.0004899559039686428 0.0009765625
0 0.525967662910338 0.62548828125 0.0004899559039686428 0.0009765625
0 0.4990200881920627 0.62255859375 0.0004899559039686428 0.0009765625
0 0.47305242528172464 0.61083984375 0.0004899559039686428 0.0009765625
0 0.4073983341499265 0.62158203125 0.0004899559039686428 0.0009765625
0 0.14429201371876532 0.52490234375 0.0004899559039686428 0.0009765625
0 0.7621264086232239 0.30517578125 0.0004899559039686428 0.0009765625
0 0.4426751592356688 0.62353515625 0.0004899559039686428 0.0009765625
0 0.7513473787359137 0.51220703125 0.0004899559039686428 0.0009765625
0 0.1624203821656051 0.31396484375 0.0004899559039686428 0.0009765625
0 0.21582557569818717 0.29443359375 0.0004899559039686428 0.0009765625
0 0.26482116609505146 0.31201171875 0.0004899559039686428 0.0009765625
0 0.321656050955414 0.34130859375 0.0004899559039686428 0.0009765625
0 0.35840274375306225 0.35888671875 0.0004899559039686428 0.0009765625
0 0.38486036256736894 0.33251953125 0.0004899559039686428 0.0009765625
0 0.42160705536501714 0.36669921875 0.0004899559039686428 0.0009765625
0 0.45247427731504164 0.36669921875 0.0004899559039686428 0.0009765625
0 0.49853013228809406 0.36669921875 0.0004899559039686428 0.0009765625
0 0.5455658990690838 0.38623046875 0.0004899559039686428 0.0009765625
0 0.7013718765311122 0.54248046875 0.0004899559039686428 0.0009765625
0 0.36673199412052915 0.63330078125 0.0004899559039686428 0.0009765625
0 0.31969622733953945 0.60791015625 0.0004899559039686428 0.0009765625
0 0.26384125428711414 0.56884765625 0.0004899559039686428 0.0009765625
0 0.22954434100930915 0.55224609375 0.0004899559039686428 0.0009765625
