0 0.6548648648648648 0.39697265625 0.0005405405405405405 0.0009765625
0 0.6905405405405406 0.38134765625 0.0005405405405405405 0.0009765625
0 0.7418918918918919 0.34521484375 0.0005405405405405405 0.0009765625
0 0.5883783783783784 0.41650390625 0.0005405405405405405 0.0009765625
0 0.6262162162162163 0.41845703125 0.0005405405405405405 0.0009765625
0 0.6716216216216216 0.59130859375 0.0005405405405405405 0.0009765625
0 0.6343243243243243 0.61669921875 0.0005405405405405405 0.0009765625
0 0.5991891891891892 0.63427734375 0.0005405405405405405 0.0009765625
0 0.5656756756756757 0.64599609375 0.0005405405405405405 0.0009765625
0 0.5348648648648648 0.65185546875 0.0005405405405405405 0.0009765625
0 0.5062162162162163 0.65478515625 0.0005405405405405405 0.0009765625
0 0.4775675675675676 0.65380859375 0.0005405405405405405 0.0009765625
0 0.3964864864864865 0.64013671875 0.0005405405405405405 0.0009765625
0 0.11864864864864864 0.53662109375 0.0005405405405405405 0.0009765625
0 0.7813513513513514 0.32958984375 0.0005405405405405405 0.0009765625
0 0.4462162162162162 0.65478515625 0.0005405405405405405 0.0009765625
0 0.7835135135135135 0.52099609375 0.0005405405405405405 0.0009765625
0 0.1527027027027027 0.33740234375 0.0005405405405405405 0.0009765625
0 0.20027027027027028 0.34521484375 0.0005405405405405405 0.0009765625
0 0.2564864864864865 0.36962890625 0.0005405405405405405 0.0009765625
0 0.31108108108108107 0.40478515625 0.0005405405405405405 0.0009765625
0 0.3456756756756757 0.39306640625 0.0005405405405405405 0.0009765625
0 0.37972972972972974 0.40478515625 0.0005405405405405405 0.0009765625
0 0.4213513513513514 0.42822265625 0.0005405405405405405 0.0009765625
0 0.45918918918918916 0.40478515625 0.0005405405405405405 0.0009765625
0 0.5029729729729729 0.41064453125 0.0005405405405405405 0.0009765625
0 0.5510810810810811 0.42041015625 0.0005405405405405405 0.0009765625
0 0.7289189189189189 0.56005859375 0.0005405405405405405 0.0009765625
0 0.3591891891891892 0.64208984375 0.0005405405405405405 0.0009765625
0 0.3137837837837838 0.63232421875 0.0005405405405405405 0.0009765625
0 0.23594594594594595 0.60693359375 0.0005405405405405405 0.0009765625
0 0.1764864864864865 0.58154296875 0.0005405405405405405 0.0009765625
