0 0.6366976972072513 0.32275390625 0.0004899559039686428 0.0009765625
0 0.6685448309652131 0.30322265625 0.0004899559039686428 0.0009765625
0 0.7190102890739833 0.30322265625 0.0004899559039686428 0.0009765625
0 0.5710436060754532 0.32275390625 0.0004899559039686428 0.0009765625
0 0.6033806957373836 0.31396484375 0.0004899559039686428 0.0009765625
0 0.6342479176874082 0.58056640625 0.0004899559039686428 0.0009765625
0 0.5989710926016658 0.57763671875 0.0004899559039686428 0.0009765625
0 0.5656540911317981 0.58056640625 0.0004899559039686428 0.0009765625
0 0.534296913277805 0.59619140625 0.0004899559039686428 0.0009765625
0 0.5063694267515924 0.58447265625 0.0004899559039686428 0.0009765625
0 0.4710926016658501 0.58544921875 0.0004899559039686428 0.0009765625
0 0.3882900538951494 0.58154296875 0.0004899559039686428 0.0009765625
0 0.16291033806957375 0.46435546875 0.0004899559039686428 0.0009765625
0 0.43385595296423324 0.59326171875 0.0004899559039686428 0.0009765625
0 0.738608525232729 0.48291015625 0.0004899559039686428 0.0009765625
0 0.21141597256246938 0.27978515625 0.0004899559039686428 0.0009765625
0 0.2584517393434591 0.26708984375 0.0004899559039686428 0.0009765625
0 0.3133268005879471 0.29443359375 0.0004899559039686428 0.0009765625
0 0.35105340519353256 0.29443359375 0.0004899559039686428 0.0009765625
0 0.3809407153356198 0.28857421875 0.0004899559039686428 0.0009765625
0 0.42062714355707986 0.34130859375 0.0004899559039686428 0.0009765625
0 0.45443410093091624 0.31982421875 0.0004899559039686428 0.0009765625
0 0.49804017638412545 0.33251953125 0.0004899559039686428 0.0009765625
0 0.5391964723174915 0.31982421875 0.0004899559039686428 0.0009765625
0 0.6940225379715825 0.52880859375 0.0004899559039686428 0.0009765625
0 0.35595296423321904 0.57470703125 0.0004899559039686428 0.0009765625
0 0.31969622733953945 0.56396484375 0.0004899559039686428 0.0009765625
0 0.3005879470847624 0.56298828125 0.0004899559039686428 0.0009765625
0 0.1957373836354728 0.51611328125 0.0004899559039686428 0.0009765625
