0 0.5543851053405193 0.37744140625 0.0004899559039686428 0.0009765625
0 0.5759431651151397 0.56298828125 0.0004899559039686428 0.0009765625
0 0.5401763841254287 0.55322265625 0.0004899559039686428 0.0009765625
0 0.5156785889269966 0.54833984375 0.0004899559039686428 0.0009765625
0 0.48775110240078395 0.54833984375 0.0004899559039686428 0.0009765625
0 0.45688388045075945 0.54638671875 0.0004899559039686428 0.0009765625
0 0.40102890739833413 0.55322265625 0.0004899559039686428 0.0009765625
0 0.43434590886820185 0.55908203125 0.0004899559039686428 0.0009765625
0 0.23395394414502696 0.35400390625 0.0004899559039686428 0.0009765625
0 0.37114159725624696 0.55322265625 0.0004899559039686428 0.0009765625
0 0.33488486036256737 0.55517578125 0.0004899559039686428 0.0009765625
