0 0.67687408133268 0.31982421875 0.0004899559039686428 0.0009765625
0 0.5842724154826066 0.32666015625 0.0004899559039686428 0.0009765625
0 0.6185693287604116 0.35595703125 0.0004899559039686428 0.0009765625
0 0.6107300342969133 0.58251953125 0.0004899559039686428 0.0009765625
0 0.5744732974032337 0.59326171875 0.0004899559039686428 0.0009765625
0 0.5426261636452719 0.59423828125 0.0004899559039686428 0.0009765625
0 0.5132288094071533 0.57470703125 0.0004899559039686428 0.0009765625
0 0.49608035276825085 0.60693359375 0.0004899559039686428 0.0009765625
0 0.47305242528172464 0.59521484375 0.0004899559039686428 0.0009765625
0 0.41278784909358157 0.61572265625 0.0004899559039686428 0.0009765625
0 0.7258696717295443 0.30908203125 0.0004899559039686428 0.0009765625
0 0.44414502694757474 0.58935546875 0.0004899559039686428 0.0009765625
0 0.1785889269965703 0.31201171875 0.0004899559039686428 0.0009765625
0 0.2231749142577168 0.31591796875 0.0004899559039686428 0.0009765625
0 0.2746202841744243 0.34326171875 0.0004899559039686428 0.0009765625
0 0.3265556099951004 0.32666015625 0.0004899559039686428 0.0009765625
0 0.36085252327290546 0.33056640625 0.0004899559039686428 0.0009765625
0 0.3912297893189613 0.31591796875 0.0004899559039686428 0.0009765625
0 0.4358157765801078 0.35205078125 0.0004899559039686428 0.0009765625
0 0.47305242528172464 0.35888671875 0.0004899559039686428 0.0009765625
0 0.5127388535031847 0.35205078125 0.0004899559039686428 0.0009765625
0 0.5470357667809898 0.33251953125 0.0004899559039686428 0.0009765625
0 0.6925526702596766 0.53369140625 0.0004899559039686428 0.0009765625
0 0.38731014208721215 0.60498046875 0.0004899559039686428 0.0009765625
0 0.3476237138657521 0.59716796875 0.0004899559039686428 0.0009765625
