0 0.6254287114159726 0.36669921875 0.0004899559039686428 0.0009765625
0 0.6538461538461539 0.31201171875 0.0004899559039686428 0.0009765625
0 0.6886330230279275 0.31201171875 0.0004899559039686428 0.0009765625
0 0.5651641352278295 0.33056640625 0.0004899559039686428 0.0009765625
0 0.5857422831945125 0.34814453125 0.0004899559039686428 0.0009765625
0 0.5779029887310142 0.58642578125 0.0004899559039686428 0.0009765625
0 0.5494855463008329 0.59716796875 0.0004899559039686428 0.0009765625
0 0.5191082802547771 0.60107421875 0.0004899559039686428 0.0009765625
0 0.49363057324840764 0.61279296875 0.0004899559039686428 0.0009765625
0 0.4642332190102891 0.60595703125 0.0004899559039686428 0.0009765625
0 0.390249877511024 0.58935546875 0.0004899559039686428 0.0009765625
0 0.7043116119549241 0.27099609375 0.0004899559039686428 0.0009765625
0 0.4299363057324841 0.59130859375 0.0004899559039686428 0.0009765625
0 0.7351788339049485 0.47314453125 0.0004899559039686428 0.0009765625
0 0.22464478196962273 0.27783203125 0.0004899559039686428 0.0009765625
0 0.25208231259186675 0.28857421875 0.0004899559039686428 0.0009765625
0 0.28098971092601666 0.30517578125 0.0004899559039686428 0.0009765625
0 0.33243508084272416 0.32470703125 0.0004899559039686428 0.0009765625
0 0.3574228319451249 0.33251953125 0.0004899559039686428 0.0009765625
0 0.39269965703086723 0.32861328125 0.0004899559039686428 0.0009765625
0 0.4230769230769231 0.33740234375 0.0004899559039686428 0.0009765625
0 0.44953454189122977 0.35595703125 0.0004899559039686428 0.0009765625
0 0.4916707496325331 0.35888671875 0.0004899559039686428 0.0009765625
0 0.5308672219500244 0.36474609375 0.0004899559039686428 0.0009765625
0 0.6798138167564919 0.49951171875 0.0004899559039686428 0.0009765625
0 0.3574228319451249 0.58056640625 0.0004899559039686428 0.0009765625
0 0.3294953454189123 0.55419921875 0.0004899559039686428 0.0009765625
0 0.26825085742283195 0.52392578125 0.0004899559039686428 0.0009765625
0 0.22366487016168546 0.46142578125 0.0004899559039686428 0.0009765625
