0 0.6259186673199412 0.39794921875 0.0004899559039686428 0.0009765625
0 0.5592846643802057 0.39306640625 0.0004899559039686428 0.0009765625
0 0.5788829005389515 0.57177734375 0.0004899559039686428 0.0009765625
0 0.5494855463008329 0.57470703125 0.0004899559039686428 0.0009765625
0 0.5220480156785889 0.57861328125 0.0004899559039686428 0.0009765625
0 0.4965703086722195 0.58935546875 0.0004899559039686428 0.0009765625
0 0.4279764821166095 0.58447265625 0.0004899559039686428 0.0009765625
0 0.21043606075453208 0.47705078125 0.0004899559039686428 0.0009765625
0 0.46766291033806956 0.58251953125 0.0004899559039686428 0.0009765625
0 0.27070063694267515 0.32763671875 0.0004899559039686428 0.0009765625
0 0.3182263596276335 0.35107421875 0.0004899559039686428 0.0009765625
0 0.4201371876531112 0.39404296875 0.0004899559039686428 0.0009765625
0 0.4456148946594806 0.38525390625 0.0004899559039686428 0.0009765625
0 0.5303772660460558 0.37353515625 0.0004899559039686428 0.0009765625
0 0.6886330230279275 0.53857421875 0.0004899559039686428 0.0009765625
0 0.3809407153356198 0.56396484375 0.0004899559039686428 0.0009765625
0 0.34860362567368935 0.55712890625 0.0004899559039686428 0.0009765625
0 0.2471827535521803 0.54150390625 0.0004899559039686428 0.0009765625
