0 0.6518863302302793 0.33251953125 0.0004899559039686428 0.0009765625
0 0.6861832435080842 0.33251953125 0.0004899559039686428 0.0009765625
0 0.7297893189612935 0.31201171875 0.0004899559039686428 0.0009765625
0 0.5906418422341989 0.34814453125 0.0004899559039686428 0.0009765625
0 0.6166095051445369 0.35595703125 0.0004899559039686428 0.0009765625
0 0.6807937285644292 0.58251953125 0.0004899559039686428 0.0009765625
0 0.6362077413032827 0.60205078125 0.0004899559039686428 0.0009765625
0 0.5950514453699167 0.60400390625 0.0004899559039686428 0.0009765625
0 0.5622243998040176 0.61279296875 0.0004899559039686428 0.0009765625
0 0.5279274865262127 0.61083984375 0.0004899559039686428 0.0009765625
0 0.5024497795198433 0.62744140625 0.0004899559039686428 0.0009765625
0 0.4759921607055365 0.62060546875 0.0004899559039686428 0.0009765625
0 0.40102890739833413 0.60205078125 0.0004899559039686428 0.0009765625
0 0.16046055854973051 0.53759765625 0.0004899559039686428 0.0009765625
0 0.7665360117589417 0.28369140625 0.0004899559039686428 0.0009765625
0 0.43434590886820185 0.61669921875 0.0004899559039686428 0.0009765625
0 0.1957373836354728 0.24755859375 0.0004899559039686428 0.0009765625
0 0.2275845173934346 0.31396484375 0.0004899559039686428 0.0009765625
0 0.2697207251347379 0.33056640625 0.0004899559039686428 0.0009765625
0 0.32508574228319453 0.32861328125 0.0004899559039686428 0.0009765625
0 0.3593826555609995 0.33544921875 0.0004899559039686428 0.0009765625
0 0.397109260166585 0.32470703125 0.0004899559039686428 0.0009765625
0 0.4353258206761392 0.36962890625 0.0004899559039686428 0.0009765625
0 0.47207251347378737 0.36083984375 0.0004899559039686428 0.0009765625
0 0.5166585007349338 0.36962890625 0.0004899559039686428 0.0009765625
0 0.5563449289563939 0.35400390625 0.0004899559039686428 0.0009765625
0 0.7381185693287604 0.53173828125 0.0004899559039686428 0.0009765625
0 0.35301322880940716 0.61083984375 0.0004899559039686428 0.0009765625
0 0.30254777070063693 0.60107421875 0.0004899559039686428 0.0009765625
0 0.2084762371386575 0.56787109375 0.0004899559039686428 0.0009765625
