0 0.6278784909358158 0.35009765625 0.0004899559039686428 0.0009765625
0 0.685203331700147 0.31298828125 0.0004899559039686428 0.0009765625
0 0.5632043116119549 0.34326171875 0.0004899559039686428 0.0009765625
0 0.5984811366976972 0.35595703125 0.0004899559039686428 0.0009765625
0 0.6347378735913768 0.54443359375 0.0004899559039686428 0.0009765625
0 0.6239588437040666 0.55615234375 0.0004899559039686428 0.0009765625
0 0.5945614894659481 0.57470703125 0.0004899559039686428 0.0009765625
0 0.5622243998040176 0.57763671875 0.0004899559039686428 0.0009765625
0 0.5362567368936796 0.57666015625 0.0004899559039686428 0.0009765625
0 0.5093091621754042 0.57568359375 0.0004899559039686428 0.0009765625
0 0.48579127878490935 0.58447265625 0.0004899559039686428 0.0009765625
0 0.42356687898089174 0.57861328125 0.0004899559039686428 0.0009765625
0 0.1967172954434101 0.46728515625 0.0004899559039686428 0.0009765625
0 0.7356687898089171 0.31396484375 0.0004899559039686428 0.0009765625
0 0.4534541891229789 0.57861328125 0.0004899559039686428 0.0009765625
0 0.7376286134247918 0.42626953125 0.0004899559039686428 0.0009765625
0 0.21925526702596768 0.29052734375 0.0004899559039686428 0.0009765625
0 0.2618814306712396 0.27783203125 0.0004899559039686428 0.0009765625
0 0.3314551690347869 0.33837890625 0.0004899559039686428 0.0009765625
0 0.3652621264086232 0.33837890625 0.0004899559039686428 0.0009765625
0 0.39514943655071044 0.33544921875 0.0004899559039686428 0.0009765625
0 0.43189612934835864 0.34033203125 0.0004899559039686428 0.0009765625
0 0.4583537481626654 0.32275390625 0.0004899559039686428 0.0009765625
0 0.49265066144047037 0.33349609375 0.0004899559039686428 0.0009765625
0 0.5323370896619304 0.34033203125 0.0004899559039686428 0.0009765625
0 0.6832435080842724 0.50244140625 0.0004899559039686428 0.0009765625
0 0.3863302302792749 0.57177734375 0.0004899559039686428 0.0009765625
0 0.2898089171974522 0.50830078125 0.0004899559039686428 0.0009765625
