0 0.6151396374326311 0.32958984375 0.0004899559039686428 0.0009765625
0 0.6474767270945615 0.34716796875 0.0004899559039686428 0.0009765625
0 0.6950024497795199 0.29833984375 0.0004899559039686428 0.0009765625
0 0.582312591866732 0.33154296875 0.0004899559039686428 0.0009765625
0 0.6450269475747182 0.57080078125 0.0004899559039686428 0.0009765625
0 0.6102400783929446 0.58349609375 0.0004899559039686428 0.0009765625
0 0.5842724154826066 0.59619140625 0.0004899559039686428 0.0009765625
0 0.5514453699167075 0.61376953125 0.0004899559039686428 0.0009765625
0 0.5210681038706516 0.59814453125 0.0004899559039686428 0.0009765625
0 0.5034296913277805 0.62646484375 0.0004899559039686428 0.0009765625
0 0.4818716315531602 0.60302734375 0.0004899559039686428 0.0009765625
0 0.4142577168054875 0.61474609375 0.0004899559039686428 0.0009765625
0 0.16291033806957375 0.52490234375 0.0004899559039686428 0.0009765625
0 0.740078392944635 0.30712890625 0.0004899559039686428 0.0009765625
0 0.45198432141107303 0.61279296875 0.0004899559039686428 0.0009765625
0 0.740078392944635 0.52880859375 0.0004899559039686428 0.0009765625
0 0.20651641352278294 0.31396484375 0.0004899559039686428 0.0009765625
0 0.25355218030377263 0.32958984375 0.0004899559039686428 0.0009765625
0 0.30450759431651153 0.36279296875 0.0004899559039686428 0.0009765625
0 0.3549730524252817 0.35791015625 0.0004899559039686428 0.0009765625
0 0.3858402743753062 0.32763671875 0.0004899559039686428 0.0009765625
0 0.42846643802057816 0.35595703125 0.0004899559039686428 0.0009765625
0 0.4632533072023518 0.35400390625 0.0004899559039686428 0.0009765625
0 0.5073493385595297 0.34912109375 0.0004899559039686428 0.0009765625
0 0.5470357667809898 0.36865234375 0.0004899559039686428 0.0009765625
0 0.6886330230279275 0.54443359375 0.0004899559039686428 0.0009765625
0 0.38192062714355707 0.60986328125 0.0004899559039686428 0.0009765625
0 0.34321411073003427 0.59912109375 0.0004899559039686428 0.0009765625
0 0.2780499755022048 0.57763671875 0.0004899559039686428 0.0009765625
0 0.22954434100930915 0.55419921875 0.0004899559039686428 0.0009765625
