0 0.6391474767270946 0.41259765625 0.0004899559039686428 0.0009765625
0 0.6954924056834885 0.39501953125 0.0004899559039686428 0.0009765625
0 0.7224399804017638 0.38623046875 0.0004899559039686428 0.0009765625
0 0.5739833414992651 0.36083984375 0.0004899559039686428 0.0009765625
0 0.6058304752572269 0.40087890625 0.0004899559039686428 0.0009765625
0 0.6656050955414012 0.60205078125 0.0004899559039686428 0.0009765625
0 0.6215090641842235 0.62744140625 0.0004899559039686428 0.0009765625
0 0.5916217540421362 0.62744140625 0.0004899559039686428 0.0009765625
0 0.5553650171484567 0.61474609375 0.0004899559039686428 0.0009765625
0 0.5220480156785889 0.63134765625 0.0004899559039686428 0.0009765625
0 0.4955903968642822 0.63427734375 0.0004899559039686428 0.0009765625
0 0.46864282214600683 0.64208984375 0.0004899559039686428 0.0009765625
0 0.4088682018618324 0.63818359375 0.0004899559039686428 0.0009765625
0 0.43973542381185693 0.64013671875 0.0004899559039686428 0.0009765625
0 0.22366487016168546 0.38037109375 0.0004899559039686428 0.0009765625
0 0.27070063694267515 0.38623046875 0.0004899559039686428 0.0009765625
0 0.3182263596276335 0.38427734375 0.0004899559039686428 0.0009765625
0 0.35840274375306225 0.39697265625 0.0004899559039686428 0.0009765625
0 0.3882900538951494 0.36962890625 0.0004899559039686428 0.0009765625
0 0.42895639392454676 0.38623046875 0.0004899559039686428 0.0009765625
0 0.45688388045075945 0.37744140625 0.0004899559039686428 0.0009765625
0 0.5029397354238119 0.39892578125 0.0004899559039686428 0.0009765625
0 0.5328270455658991 0.37744140625 0.0004899559039686428 0.0009765625
0 0.7214600685938266 0.55029296875 0.0004899559039686428 0.0009765625
0 0.37457128858402744 0.64208984375 0.0004899559039686428 0.0009765625
0 0.3412542871141597 0.62548828125 0.0004899559039686428 0.0009765625
0 0.2447329740323371 0.61474609375 0.0004899559039686428 0.0009765625
0 0.20896619304262617 0.55908203125 0.0004899559039686428 0.0009765625
