0 0.6283684468397844 0.40380859375 0.0004899559039686428 0.0009765625
0 0.6611954924056835 0.40576171875 0.0004899559039686428 0.0009765625
0 0.6999020088192063 0.35205078125 0.0004899559039686428 0.0009765625
0 0.5690837824595787 0.40185546875 0.0004899559039686428 0.0009765625
0 0.5955414012738853 0.40771484375 0.0004899559039686428 0.0009765625
0 0.6278784909358158 0.58935546875 0.0004899559039686428 0.0009765625
0 0.5940715335619794 0.62646484375 0.0004899559039686428 0.0009765625
0 0.5641842234198922 0.63916015625 0.0004899559039686428 0.0009765625
0 0.535766780989711 0.65087890625 0.0004899559039686428 0.0009765625
0 0.5039196472317491 0.65576171875 0.0004899559039686428 0.0009765625
0 0.4838314551690348 0.64697265625 0.0004899559039686428 0.0009765625
0 0.46472317491425774 0.64208984375 0.0004899559039686428 0.0009765625
0 0.40445859872611467 0.63232421875 0.0004899559039686428 0.0009765625
0 0.16682998530132287 0.47802734375 0.0004899559039686428 0.0009765625
0 0.44120529152376287 0.64208984375 0.0004899559039686428 0.0009765625
0 0.7258696717295443 0.48974609375 0.0004899559039686428 0.0009765625
0 0.2084762371386575 0.31787109375 0.0004899559039686428 0.0009765625
0 0.29421852033317003 0.36669921875 0.0004899559039686428 0.0009765625
0 0.3392944634982852 0.39892578125 0.0004899559039686428 0.0009765625
0 0.369671729544341 0.39892578125 0.0004899559039686428 0.0009765625
0 0.40004899559039686 0.38818359375 0.0004899559039686428 0.0009765625
0 0.4333659970602646 0.41357421875 0.0004899559039686428 0.0009765625
0 0.4632533072023518 0.42041015625 0.0004899559039686428 0.0009765625
0 0.5019598236158745 0.43310546875 0.0004899559039686428 0.0009765625
0 0.5436060754532092 0.42919921875 0.0004899559039686428 0.0009765625
0 0.6856932876041156 0.55419921875 0.0004899559039686428 0.0009765625
0 0.3750612444879961 0.62255859375 0.0004899559039686428 0.0009765625
0 0.3192062714355708 0.60205078125 0.0004899559039686428 0.0009765625
0 0.26825085742283195 0.56787109375 0.0004899559039686428 0.0009765625
