0 0.6425771680548751 0.36279296875 0.0004899559039686428 0.0009765625
0 0.707251347378736 0.33056640625 0.0004899559039686428 0.0009765625
0 0.5734933855952964 0.35888671875 0.0004899559039686428 0.0009765625
0 0.6033806957373836 0.36474609375 0.0004899559039686428 0.0009765625
0 0.6445369916707496 0.57080078125 0.0004899559039686428 0.0009765625
0 0.6121999020088192 0.60302734375 0.0004899559039686428 0.0009765625
0 0.5813326800587947 0.61865234375 0.0004899559039686428 0.0009765625
0 0.5504654581087702 0.63037109375 0.0004899559039686428 0.0009765625
0 0.5244977951984321 0.60302734375 0.0004899559039686428 0.0009765625
0 0.49804017638412545 0.61474609375 0.0004899559039686428 0.0009765625
0 0.472562469377756 0.61474609375 0.0004899559039686428 0.0009765625
0 0.4152376286134248 0.60498046875 0.0004899559039686428 0.0009765625
0 0.14037236648701618 0.53662109375 0.0004899559039686428 0.0009765625
0 0.7449779519843214 0.26708984375 0.0004899559039686428 0.0009765625
0 0.445124938755512 0.60693359375 0.0004899559039686428 0.0009765625
0 0.7601665850073493 0.52197265625 0.0004899559039686428 0.0009765625
0 0.1829985301322881 0.25634765625 0.0004899559039686428 0.0009765625
0 0.2241548260656541 0.29052734375 0.0004899559039686428 0.0009765625
0 0.27853993140617345 0.33154296875 0.0004899559039686428 0.0009765625
0 0.32459578637922587 0.35107421875 0.0004899559039686428 0.0009765625
0 0.3574228319451249 0.35009765625 0.0004899559039686428 0.0009765625
0 0.40543851053405194 0.36083984375 0.0004899559039686428 0.0009765625
0 0.43973542381185693 0.36083984375 0.0004899559039686428 0.0009765625
0 0.49118079372856444 0.36669921875 0.0004899559039686428 0.0009765625
0 0.5372366487016168 0.38037109375 0.0004899559039686428 0.0009765625
0 0.7023517883390494 0.54345703125 0.0004899559039686428 0.0009765625
0 0.3878000979911808 0.59326171875 0.0004899559039686428 0.0009765625
0 0.34370406663400294 0.59326171875 0.0004899559039686428 0.0009765625
0 0.2589416952474277 0.57568359375 0.0004899559039686428 0.0009765625
0 0.2094561489465948 0.54833984375 0.0004899559039686428 0.0009765625
