0 0.656295933365997 0.47021484375 0.0004899559039686428 0.0009765625
0 0.5460558549730524 0.46728515625 0.0004899559039686428 0.0009765625
0 0.5700636942675159 0.45458984375 0.0004899559039686428 0.0009765625
0 0.5842724154826066 0.63623046875 0.0004899559039686428 0.0009765625
0 0.5597746202841745 0.63720703125 0.0004899559039686428 0.0009765625
0 0.5416462518373346 0.64404296875 0.0004899559039686428 0.0009765625
0 0.5186183243508085 0.64599609375 0.0004899559039686428 0.0009765625
0 0.5009799118079373 0.65087890625 0.0004899559039686428 0.0009765625
0 0.4838314551690348 0.65087890625 0.0004899559039686428 0.0009765625
0 0.4353258206761392 0.65185546875 0.0004899559039686428 0.0009765625
0 0.6959823615874571 0.47021484375 0.0004899559039686428 0.0009765625
0 0.46276335129838314 0.65576171875 0.0004899559039686428 0.0009765625
0 0.29715825575698185 0.44384765625 0.0004899559039686428 0.0009765625
0 0.3339049485546301 0.43701171875 0.0004899559039686428 0.0009765625
0 0.3750612444879961 0.44384765625 0.0004899559039686428 0.0009765625
0 0.41621754042136205 0.44091796875 0.0004899559039686428 0.0009765625
0 0.4431651151396374 0.48583984375 0.0004899559039686428 0.0009765625
0 0.5249877511024008 0.47705078125 0.0004899559039686428 0.0009765625
0 0.38388045075943167 0.64404296875 0.0004899559039686428 0.0009765625
