0 0.6224889759921607 0.42626953125 0.0004899559039686428 0.0009765625
0 0.6523762861342479 0.39306640625 0.0004899559039686428 0.0009765625
0 0.6807937285644292 0.34912109375 0.0004899559039686428 0.0009765625
0 0.5636942675159236 0.41943359375 0.0004899559039686428 0.0009765625
0 0.5906418422341989 0.42919921875 0.0004899559039686428 0.0009765625
0 0.6342479176874082 0.60205078125 0.0004899559039686428 0.0009765625
0 0.6033806957373836 0.62841796875 0.0004899559039686428 0.0009765625
0 0.5774130328270456 0.65087890625 0.0004899559039686428 0.0009765625
0 0.5494855463008329 0.65869140625 0.0004899559039686428 0.0009765625
0 0.5210681038706516 0.68017578125 0.0004899559039686428 0.0009765625
0 0.4990200881920627 0.67431640625 0.0004899559039686428 0.0009765625
0 0.47305242528172464 0.67431640625 0.0004899559039686428 0.0009765625
0 0.417687408133268 0.65673828125 0.0004899559039686428 0.0009765625
0 0.4461048505634493 0.67626953125 0.0004899559039686428 0.0009765625
0 0.24669279764821167 0.38134765625 0.0004899559039686428 0.0009765625
0 0.2907888290053895 0.40380859375 0.0004899559039686428 0.0009765625
0 0.33586477217050464 0.40283203125 0.0004899559039686428 0.0009765625
0 0.3672219500244978 0.41357421875 0.0004899559039686428 0.0009765625
0 0.3961293483586477 0.38525390625 0.0004899559039686428 0.0009765625
0 0.4279764821166095 0.42236328125 0.0004899559039686428 0.0009765625
0 0.4583537481626654 0.40771484375 0.0004899559039686428 0.0009765625
0 0.49608035276825085 0.41650390625 0.0004899559039686428 0.0009765625
0 0.5318471337579618 0.44189453125 0.0004899559039686428 0.0009765625
0 0.6803037726604606 0.56005859375 0.0004899559039686428 0.0009765625
0 0.38241058304752573 0.65576171875 0.0004899559039686428 0.0009765625
0 0.3339049485546301 0.63916015625 0.0004899559039686428 0.0009765625
0 0.23640372366487017 0.61083984375 0.0004899559039686428 0.0009765625
