0 0.609750122488976 0.38232421875 0.0004899559039686428 0.0009765625
0 0.6896129348358647 0.32080078125 0.0004899559039686428 0.0009765625
0 0.5627143557079863 0.39111328125 0.0004899559039686428 0.0009765625
0 0.5852523272905439 0.39111328125 0.0004899559039686428 0.0009765625
0 0.6024007839294464 0.57275390625 0.0004899559039686428 0.0009765625
0 0.5788829005389515 0.59326171875 0.0004899559039686428 0.0009765625
0 0.5583047525722685 0.62060546875 0.0004899559039686428 0.0009765625
0 0.5333170014698677 0.60986328125 0.0004899559039686428 0.0009765625
0 0.5171484566389025 0.62548828125 0.0004899559039686428 0.0009765625
0 0.4951004409603136 0.59033203125 0.0004899559039686428 0.0009765625
0 0.44463498285154335 0.59521484375 0.0004899559039686428 0.0009765625
0 0.2172954434100931 0.47314453125 0.0004899559039686428 0.0009765625
0 0.6935325820676139 0.22900390625 0.0004899559039686428 0.0009765625
0 0.4784419402253797 0.61279296875 0.0004899559039686428 0.0009765625
0 0.7381185693287604 0.49755859375 0.0004899559039686428 0.0009765625
0 0.28392944634982853 0.20361328125 0.0004899559039686428 0.0009765625
0 0.2907888290053895 0.32275390625 0.0004899559039686428 0.0009765625
0 0.38143067123958846 0.36279296875 0.0004899559039686428 0.0009765625
0 0.4088682018618324 0.36474609375 0.0004899559039686428 0.0009765625
0 0.4328760411562959 0.40087890625 0.0004899559039686428 0.0009765625
0 0.5382165605095541 0.41357421875 0.0004899559039686428 0.0009765625
0 0.6763841254287114 0.49755859375 0.0004899559039686428 0.0009765625
0 0.4088682018618324 0.59228515625 0.0004899559039686428 0.0009765625
0 0.38045075943165113 0.56689453125 0.0004899559039686428 0.0009765625
0 0.2672709456148947 0.48486328125 0.0004899559039686428 0.0009765625
