0 0.6366976972072513 0.39013671875 0.0004899559039686428 0.0009765625
0 0.6744243018128369 0.33935546875 0.0004899559039686428 0.0009765625
0 0.7097011268985791 0.33447265625 0.0004899559039686428 0.0009765625
0 0.5769230769230769 0.38232421875 0.0004899559039686428 0.0009765625
0 0.6048505634492896 0.40576171875 0.0004899559039686428 0.0009765625
0 0.6352278294953454 0.60498046875 0.0004899559039686428 0.0009765625
0 0.5999510044096031 0.62548828125 0.0004899559039686428 0.0009765625
0 0.5627143557079863 0.63623046875 0.0004899559039686428 0.0009765625
0 0.5254777070063694 0.65576171875 0.0004899559039686428 0.0009765625
0 0.49608035276825085 0.65673828125 0.0004899559039686428 0.0009765625
0 0.45492405683488485 0.65966796875 0.0004899559039686428 0.0009765625
0 0.37359137677609017 0.64697265625 0.0004899559039686428 0.0009765625
0 0.70578147966683 0.25244140625 0.0004899559039686428 0.0009765625
0 0.4225869671729544 0.65966796875 0.0004899559039686428 0.0009765625
0 0.22268495835374816 0.28271484375 0.0004899559039686428 0.0009765625
0 0.23395394414502696 0.30908203125 0.0004899559039686428 0.0009765625
0 0.2687408133268006 0.36865234375 0.0004899559039686428 0.0009765625
0 0.32753552180303774 0.34423828125 0.0004899559039686428 0.0009765625
0 0.3593826555609995 0.34912109375 0.0004899559039686428 0.0009765625
0 0.3961293483586477 0.37060546875 0.0004899559039686428 0.0009765625
0 0.4211170994610485 0.34521484375 0.0004899559039686428 0.0009765625
0 0.4559039686428221 0.38818359375 0.0004899559039686428 0.0009765625
0 0.5044096031357178 0.38232421875 0.0004899559039686428 0.0009765625
0 0.5289073983341499 0.40771484375 0.0004899559039686428 0.0009765625
0 0.7033317001469868 0.50341796875 0.0004899559039686428 0.0009765625
0 0.321656050955414 0.62255859375 0.0004899559039686428 0.0009765625
0 0.2800097991180794 0.60205078125 0.0004899559039686428 0.0009765625
0 0.21092601665850075 0.50439453125 0.0004899559039686428 0.0009765625
