0 0.6244487996080352 0.33154296875 0.0004899559039686428 0.0009765625
0 0.6734443900048995 0.28857421875 0.0004899559039686428 0.0009765625
0 0.5656540911317981 0.35595703125 0.0004899559039686428 0.0009765625
0 0.5930916217540422 0.31787109375 0.0004899559039686428 0.0009765625
0 0.6347378735913768 0.54931640625 0.0004899559039686428 0.0009765625
0 0.6077902988731014 0.58837890625 0.0004899559039686428 0.0009765625
0 0.583782459578638 0.59716796875 0.0004899559039686428 0.0009765625
0 0.5504654581087702 0.59912109375 0.0004899559039686428 0.0009765625
0 0.5240078392944635 0.60009765625 0.0004899559039686428 0.0009765625
0 0.5019598236158745 0.60009765625 0.0004899559039686428 0.0009765625
0 0.48236158745712887 0.60205078125 0.0004899559039686428 0.0009765625
0 0.41572758451739344 0.59033203125 0.0004899559039686428 0.0009765625
0 0.4563939245467908 0.60302734375 0.0004899559039686428 0.0009765625
0 0.2618814306712396 0.26708984375 0.0004899559039686428 0.0009765625
0 0.3339049485546301 0.31689453125 0.0004899559039686428 0.0009765625
0 0.3647721705046546 0.31689453125 0.0004899559039686428 0.0009765625
0 0.39759921607055365 0.32275390625 0.0004899559039686428 0.0009765625
0 0.4279764821166095 0.36572265625 0.0004899559039686428 0.0009765625
0 0.46178343949044587 0.36865234375 0.0004899559039686428 0.0009765625
0 0.49608035276825085 0.35107421875 0.0004899559039686428 0.0009765625
0 0.5362567368936796 0.36865234375 0.0004899559039686428 0.0009765625
0 0.6935325820676139 0.53564453125 0.0004899559039686428 0.0009765625
0 0.38192062714355707 0.59033203125 0.0004899559039686428 0.0009765625
0 0.33488486036256737 0.57373046875 0.0004899559039686428 0.0009765625
0 0.27364037236648703 0.53369140625 0.0004899559039686428 0.0009765625
0 0.22121509064184222 0.47998046875 0.0004899559039686428 0.0009765625
