0 0.6624324324324324 0.46142578125 0.0005405405405405405 0.0009765625
0 0.7116216216216216 0.45263671875 0.0005405405405405405 0.0009765625
0 0.7386486486486487 0.40380859375 0.0005405405405405405 0.0009765625
0 0.5851351351351352 0.39306640625 0.0005405405405405405 0.0009765625
0 0.6229729729729729 0.50439453125 0.0005405405405405405 0.0009765625
0 0.6981081081081081 0.64111328125 0.0005405405405405405 0.0009765625
0 0.6424324324324324 0.67041015625 0.0005405405405405405 0.0009765625
0 0.6051351351351352 0.72216796875 0.0005405405405405405 0.0009765625
0 0.5613513513513514 0.71728515625 0.0005405405405405405 0.0009765625
0 0.5267567567567567 0.71728515625 0.0005405405405405405 0.0009765625
0 0.4943243243243243 0.71142578125 0.0005405405405405405 0.0009765625
0 0.47594594594594597 0.71142578125 0.0005405405405405405 0.0009765625
0 0.38891891891891894 0.70166015625 0.0005405405405405405 0.0009765625
0 0.11972972972972973 0.57275390625 0.0005405405405405405 0.0009765625
0 0.43810810810810813 0.69287109375 0.0005405405405405405 0.0009765625
0 0.8127027027027027 0.60302734375 0.0005405405405405405 0.0009765625
0 0.17972972972972973 0.32177734375 0.0005405405405405405 0.0009765625
0 0.19108108108108107 0.38720703125 0.0005405405405405405 0.0009765625
0 0.21972972972972973 0.46728515625 0.0005405405405405405 0.0009765625
0 0.27702702702702703 0.43603515625 0.0005405405405405405 0.0009765625
0 0.3278378378378378 0.47509765625 0.0005405405405405405 0.0009765625
0 0.37648648648648647 0.41552734375 0.0005405405405405405 0.0009765625
0 0.41486486486486485 0.47607421875 0.0005405405405405405 0.0009765625
0 0.4478378378378378 0.47314453125 0.0005405405405405405 0.0009765625
0 0.4937837837837838 0.46728515625 0.0005405405405405405 0.0009765625
0 0.5527027027027027 0.48291015625 0.0005405405405405405 0.0009765625
0 0.7608108108108108 0.64990234375 0.0005405405405405405 0.0009765625
0 0.33594594594594596 0.71044921875 0.0005405405405405405 0.0009765625
0 0.26837837837837836 0.65673828125 0.0005405405405405405 0.0009765625
0 0.19 0.61962890625 0.0005405405405405405 0.0009765625
0 0.12675675675675677 0.62158203125 0.0005405405405405405 0.0009765625
