0 0.6513963743263106 0.39306640625 0.0004899559039686428 0.0009765625
0 0.6812836844683978 0.36083984375 0.0004899559039686428 0.0009765625
0 0.7253797158255757 0.33447265625 0.0004899559039686428 0.0009765625
0 0.5862322390984811 0.35107421875 0.0004899559039686428 0.0009765625
0 0.624938755512004 0.38134765625 0.0004899559039686428 0.0009765625
0 0.6518863302302793 0.58740234375 0.0004899559039686428 0.0009765625
0 0.6293483586477217 0.61083984375 0.0004899559039686428 0.0009765625
0 0.5950514453699167 0.62255859375 0.0004899559039686428 0.0009765625
0 0.5597746202841745 0.61767578125 0.0004899559039686428 0.0009765625
0 0.5249877511024008 0.62255859375 0.0004899559039686428 0.0009765625
0 0.5019598236158745 0.62451171875 0.0004899559039686428 0.0009765625
0 0.46864282214600683 0.61767578125 0.0004899559039686428 0.0009765625
0 0.397109260166585 0.60986328125 0.0004899559039686428 0.0009765625
0 0.16389024987751102 0.54443359375 0.0004899559039686428 0.0009765625
0 0.7425281724644782 0.31005859375 0.0004899559039686428 0.0009765625
0 0.4348358647721705 0.62255859375 0.0004899559039686428 0.0009765625
0 0.7650661440470358 0.55322265625 0.0004899559039686428 0.0009765625
0 0.2035766780989711 0.30712890625 0.0004899559039686428 0.0009765625
0 0.2172954434100931 0.34716796875 0.0004899559039686428 0.0009765625
0 0.26482116609505146 0.34033203125 0.0004899559039686428 0.0009765625
0 0.31430671239588437 0.33251953125 0.0004899559039686428 0.0009765625
0 0.3446839784419402 0.32958984375 0.0004899559039686428 0.0009765625
0 0.38241058304752573 0.30908203125 0.0004899559039686428 0.0009765625
0 0.4201371876531112 0.36865234375 0.0004899559039686428 0.0009765625
0 0.45492405683488485 0.35791015625 0.0004899559039686428 0.0009765625
0 0.5088192062714356 0.36767578125 0.0004899559039686428 0.0009765625
0 0.5519353258206762 0.39111328125 0.0004899559039686428 0.0009765625
0 0.7101910828025477 0.54833984375 0.0004899559039686428 0.0009765625
0 0.36428221460068594 0.61279296875 0.0004899559039686428 0.0009765625
0 0.31724644781969624 0.60791015625 0.0004899559039686428 0.0009765625
0 0.25796178343949044 0.57470703125 0.0004899559039686428 0.0009765625
0 0.2035766780989711 0.53857421875 0.0004899559039686428 0.0009765625
