0 0.5986486486486486 0.37646484375 0.0005405405405405405 0.0009765625
0 0.6527027027027027 0.44091796875 0.0005405405405405405 0.0009765625
0 0.6840540540540541 0.35888671875 0.0005405405405405405 0.0009765625
0 0.5927027027027028 0.50634765625 0.0005405405405405405 0.0009765625
0 0.57 0.36083984375 0.0005405405405405405 0.0009765625
0 0.6635135135135135 0.59228515625 0.0005405405405405405 0.0009765625
0 0.6310810810810811 0.67529296875 0.0005405405405405405 0.0009765625
0 0.5937837837837838 0.68115234375 0.0005405405405405405 0.0009765625
0 0.5554054054054054 0.67138671875 0.0005405405405405405 0.0009765625
0 0.5327027027027027 0.67333984375 0.0005405405405405405 0.0009765625
0 0.5002702702702703 0.67333984375 0.0005405405405405405 0.0009765625
0 0.4672972972972973 0.67724609375 0.0005405405405405405 0.0009765625
0 0.3927027027027027 0.67626953125 0.0005405405405405405 0.0009765625
0 0.15486486486486487 0.53662109375 0.0005405405405405405 0.0009765625
0 0.7418918918918919 0.32177734375 0.0005405405405405405 0.0009765625
0 0.4337837837837838 0.69091796875 0.0005405405405405405 0.0009765625
0 0.21324324324324323 0.34521484375 0.0005405405405405405 0.0009765625
0 0.22945945945945945 0.43017578125 0.0005405405405405405 0.0009765625
0 0.2964864864864865 0.39697265625 0.0005405405405405405 0.0009765625
0 0.33216216216216216 0.46533203125 0.0005405405405405405 0.0009765625
0 0.3856756756756757 0.35205078125 0.0005405405405405405 0.0009765625
0 0.37864864864864867 0.50927734375 0.0005405405405405405 0.0009765625
0 0.40837837837837837 0.43701171875 0.0005405405405405405 0.0009765625
0 0.4483783783783784 0.42724609375 0.0005405405405405405 0.0009765625
0 0.5089189189189189 0.41748046875 0.0005405405405405405 0.0009765625
0 0.5402702702702703 0.41748046875 0.0005405405405405405 0.0009765625
0 0.7624324324324324 0.63427734375 0.0005405405405405405 0.0009765625
0 0.35864864864864865 0.69287109375 0.0005405405405405405 0.0009765625
0 0.3013513513513513 0.68896484375 0.0005405405405405405 0.0009765625
0 0.2245945945945946 0.60791015625 0.0005405405405405405 0.0009765625
0 0.17810810810810812 0.62939453125 0.0005405405405405405 0.0009765625
