0 0.6513963743263106 0.31787109375 0.0004899559039686428 0.0009765625
0 0.5710436060754532 0.55908203125 0.0004899559039686428 0.0009765625
0 0.5416462518373346 0.54833984375 0.0004899559039686428 0.0009765625
0 0.5097991180793728 0.55126953125 0.0004899559039686428 0.0009765625
0 0.49265066144047037 0.53662109375 0.0004899559039686428 0.0009765625
0 0.4622733953944145 0.54345703125 0.0004899559039686428 0.0009765625
0 0.4088682018618324 0.53369140625 0.0004899559039686428 0.0009765625
0 0.438265556099951 0.53076171875 0.0004899559039686428 0.0009765625
0 0.4642332190102891 0.30419921875 0.0004899559039686428 0.0009765625
0 0.5058794708476237 0.30712890625 0.0004899559039686428 0.0009765625
0 0.6729544341009309 0.50830078125 0.0004899559039686428 0.0009765625
