0 0.6068103870651641 0.35986328125 0.0004899559039686428 0.0009765625
0 0.6474767270945615 0.34033203125 0.0004899559039686428 0.0009765625
0 0.6901028907398334 0.31982421875 0.0004899559039686428 0.0009765625
0 0.5553650171484567 0.33056640625 0.0004899559039686428 0.0009765625
0 0.5930916217540422 0.35009765625 0.0004899559039686428 0.0009765625
0 0.6063204311611955 0.60888671875 0.0004899559039686428 0.0009765625
0 0.5734933855952964 0.54931640625 0.0004899559039686428 0.0009765625
0 0.5391964723174915 0.54443359375 0.0004899559039686428 0.0009765625
0 0.5063694267515924 0.54345703125 0.0004899559039686428 0.0009765625
0 0.49069083782459577 0.55517578125 0.0004899559039686428 0.0009765625
0 0.47011268985791277 0.56689453125 0.0004899559039686428 0.0009765625
0 0.4073983341499265 0.56201171875 0.0004899559039686428 0.0009765625
0 0.17760901518863303 0.48291015625 0.0004899559039686428 0.0009765625
0 0.7253797158255757 0.31689453125 0.0004899559039686428 0.0009765625
0 0.44120529152376287 0.55908203125 0.0004899559039686428 0.0009765625
0 0.7283194512493876 0.46923828125 0.0004899559039686428 0.0009765625
0 0.2197452229299363 0.31396484375 0.0004899559039686428 0.0009765625
0 0.25796178343949044 0.35107421875 0.0004899559039686428 0.0009765625
0 0.2981381675649192 0.36572265625 0.0004899559039686428 0.0009765625
0 0.369671729544341 0.37255859375 0.0004899559039686428 0.0009765625
0 0.3946594806467418 0.31494140625 0.0004899559039686428 0.0009765625
0 0.42846643802057816 0.35986328125 0.0004899559039686428 0.0009765625
0 0.45737383635472806 0.30712890625 0.0004899559039686428 0.0009765625
0 0.4916707496325331 0.35107421875 0.0004899559039686428 0.0009765625
0 0.5328270455658991 0.35498046875 0.0004899559039686428 0.0009765625
0 0.3731014208721215 0.55322265625 0.0004899559039686428 0.0009765625
0 0.34615384615384615 0.54638671875 0.0004899559039686428 0.0009765625
0 0.2344439000489956 0.58544921875 0.0004899559039686428 0.0009765625
