0 0.6362077413032827 0.36279296875 0.0004899559039686428 0.0009765625
0 0.6935325820676139 0.29248046875 0.0004899559039686428 0.0009765625
0 0.5646741793238609 0.31005859375 0.0004899559039686428 0.0009765625
0 0.5930916217540422 0.30517578125 0.0004899559039686428 0.0009765625
0 0.6582557569818717 0.60498046875 0.0004899559039686428 0.0009765625
0 0.6195492405683488 0.61962890625 0.0004899559039686428 0.0009765625
0 0.5813326800587947 0.58447265625 0.0004899559039686428 0.0009765625
0 0.5455658990690838 0.57958984375 0.0004899559039686428 0.0009765625
0 0.5191082802547771 0.60791015625 0.0004899559039686428 0.0009765625
0 0.4946104850563449 0.60498046875 0.0004899559039686428 0.0009765625
0 0.47207251347378737 0.61572265625 0.0004899559039686428 0.0009765625
0 0.3946594806467418 0.59423828125 0.0004899559039686428 0.0009765625
0 0.4407153356197942 0.60693359375 0.0004899559039686428 0.0009765625
0 0.727829495345419 0.48486328125 0.0004899559039686428 0.0009765625
0 0.23885350318471338 0.27978515625 0.0004899559039686428 0.0009765625
0 0.2878490935815777 0.28955078125 0.0004899559039686428 0.0009765625
0 0.34615384615384615 0.32275390625 0.0004899559039686428 0.0009765625
0 0.37212150906418423 0.31005859375 0.0004899559039686428 0.0009765625
0 0.4098481136697697 0.33251953125 0.0004899559039686428 0.0009765625
0 0.4461048505634493 0.35302734375 0.0004899559039686428 0.0009765625
0 0.49069083782459577 0.35498046875 0.0004899559039686428 0.0009765625
0 0.5352768250857423 0.37060546875 0.0004899559039686428 0.0009765625
0 0.3682018618324351 0.57861328125 0.0004899559039686428 0.0009765625
0 0.2878490935815777 0.54833984375 0.0004899559039686428 0.0009765625
