0 0.6337579617834395 0.29443359375 0.0004899559039686428 0.0009765625
0 0.6744243018128369 0.29150390625 0.0004899559039686428 0.0009765625
0 0.7214600685938266 0.22998046875 0.0004899559039686428 0.0009765625
0 0.5739833414992651 0.27880859375 0.0004899559039686428 0.0009765625
0 0.6053405193532582 0.28369140625 0.0004899559039686428 0.0009765625
0 0.6406173444390005 0.55712890625 0.0004899559039686428 0.0009765625
0 0.6014208721215091 0.56689453125 0.0004899559039686428 0.0009765625
0 0.5690837824595787 0.57470703125 0.0004899559039686428 0.0009765625
0 0.5367466927976482 0.56396484375 0.0004899559039686428 0.0009765625
0 0.513718765311122 0.55419921875 0.0004899559039686428 0.0009765625
0 0.4941205291523763 0.53369140625 0.0004899559039686428 0.0009765625
0 0.4828515433610975 0.56103515625 0.0004899559039686428 0.0009765625
0 0.4201371876531112 0.56396484375 0.0004899559039686428 0.0009765625
0 0.14723174914257717 0.51123046875 0.0004899559039686428 0.0009765625
0 0.7547770700636943 0.21728515625 0.0004899559039686428 0.0009765625
0 0.45247427731504164 0.53662109375 0.0004899559039686428 0.0009765625
0 0.7513473787359137 0.51025390625 0.0004899559039686428 0.0009765625
0 0.16389024987751102 0.25634765625 0.0004899559039686428 0.0009765625
0 0.22023517883390495 0.22607421875 0.0004899559039686428 0.0009765625
0 0.2746202841744243 0.26123046875 0.0004899559039686428 0.0009765625
0 0.31724644781969624 0.25341796875 0.0004899559039686428 0.0009765625
0 0.35644292013718765 0.25048828125 0.0004899559039686428 0.0009765625
0 0.39220970112689857 0.23876953125 0.0004899559039686428 0.0009765625
0 0.42944634982851543 0.28857421875 0.0004899559039686428 0.0009765625
0 0.4612934835864772 0.26123046875 0.0004899559039686428 0.0009765625
0 0.5019598236158745 0.25927734375 0.0004899559039686428 0.0009765625
0 0.5421362077413033 0.28662109375 0.0004899559039686428 0.0009765625
0 0.6959823615874571 0.52783203125 0.0004899559039686428 0.0009765625
0 0.39171974522292996 0.56884765625 0.0004899559039686428 0.0009765625
0 0.35154336109750123 0.57373046875 0.0004899559039686428 0.0009765625
0 0.253062224399804 0.54345703125 0.0004899559039686428 0.0009765625
0 0.1854483096521313 0.51318359375 0.0004899559039686428 0.0009765625
