0 0.5979911807937286 0.51611328125 0.0004899559039686428 0.0009765625
0 0.6146496815286624 0.48974609375 0.0004899559039686428 0.0009765625
0 0.6504164625183734 0.47509765625 0.0004899559039686428 0.0009765625
0 0.5504654581087702 0.51025390625 0.0004899559039686428 0.0009765625
0 0.5808427241548261 0.50244140625 0.0004899559039686428 0.0009765625
0 0.6268985791278785 0.63037109375 0.0004899559039686428 0.0009765625
0 0.587702106810387 0.68408203125 0.0004899559039686428 0.0009765625
0 0.5597746202841745 0.68896484375 0.0004899559039686428 0.0009765625
0 0.5367466927976482 0.68896484375 0.0004899559039686428 0.0009765625
0 0.5122488975992161 0.69091796875 0.0004899559039686428 0.0009765625
0 0.48922097011268983 0.69189453125 0.0004899559039686428 0.0009765625
0 0.4666829985301323 0.68310546875 0.0004899559039686428 0.0009765625
0 0.417687408133268 0.67041015625 0.0004899559039686428 0.0009765625
0 0.20504654581087703 0.59912109375 0.0004899559039686428 0.0009765625
0 0.6754042136207742 0.44189453125 0.0004899559039686428 0.0009765625
0 0.4431651151396374 0.67919921875 0.0004899559039686428 0.0009765625
0 0.27853993140617345 0.42236328125 0.0004899559039686428 0.0009765625
0 0.2917687408133268 0.45263671875 0.0004899559039686428 0.0009765625
0 0.3314551690347869 0.49560546875 0.0004899559039686428 0.0009765625
0 0.3780009799118079 0.51123046875 0.0004899559039686428 0.0009765625
0 0.41278784909358157 0.48193359375 0.0004899559039686428 0.0009765625
0 0.45443410093091624 0.52392578125 0.0004899559039686428 0.0009765625
0 0.49363057324840764 0.52294921875 0.0004899559039686428 0.0009765625
0 0.6822635962763351 0.66357421875 0.0004899559039686428 0.0009765625
0 0.38486036256736894 0.67333984375 0.0004899559039686428 0.0009765625
0 0.3397844194022538 0.66748046875 0.0004899559039686428 0.0009765625
0 0.28637922586967174 0.64013671875 0.0004899559039686428 0.0009765625
0 0.23640372366487017 0.64599609375 0.0004899559039686428 0.0009765625
