0 0.6411987041036717 0.45556640625 0.0005399568034557236 0.0009765625
0 0.6579373650107991 0.44970703125 0.0005399568034557236 0.0009765625
0 0.6984341252699784 0.44775390625 0.0005399568034557236 0.0009765625
0 0.5796436285097192 0.45849609375 0.0005399568034557236 0.0009765625
0 0.619060475161987 0.47216796875 0.0005399568034557236 0.0009765625
0 0.6514578833693304 0.65576171875 0.0005399568034557236 0.0009765625
0 0.6098812095032398 0.67431640625 0.0005399568034557236 0.0009765625
0 0.578023758099352 0.68310546875 0.0005399568034557236 0.0009765625
0 0.548866090712743 0.67431640625 0.0005399568034557236 0.0009765625
0 0.5218682505399568 0.68017578125 0.0005399568034557236 0.0009765625
0 0.4997300215982721 0.67724609375 0.0005399568034557236 0.0009765625
0 0.4738120950323974 0.67724609375 0.0005399568034557236 0.0009765625
0 0.4144168466522678 0.67041015625 0.0005399568034557236 0.0009765625
0 0.16765658747300216 0.63818359375 0.0005399568034557236 0.0009765625
0 0.7292116630669546 0.40869140625 0.0005399568034557236 0.0009765625
0 0.4451943844492441 0.66259765625 0.0005399568034557236 0.0009765625
0 0.7659287257019438 0.63134765625 0.0005399568034557236 0.0009765625
0 0.23245140388768898 0.40966796875 0.0005399568034557236 0.0009765625
0 0.2551295896328294 0.46044921875 0.0005399568034557236 0.0009765625
0 0.31182505399568033 0.45263671875 0.0005399568034557236 0.0009765625
0 0.365280777537797 0.46435546875 0.0005399568034557236 0.0009765625
0 0.40793736501079914 0.44189453125 0.0005399568034557236 0.0009765625
0 0.46301295896328293 0.43701171875 0.0005399568034557236 0.0009765625
0 0.5132289416846653 0.45849609375 0.0005399568034557236 0.0009765625
0 0.7119330453563715 0.64892578125 0.0005399568034557236 0.0009765625
0 0.37823974082073436 0.68212890625 0.0005399568034557236 0.0009765625
0 0.3264038876889849 0.66845703125 0.0005399568034557236 0.0009765625
0 0.2648488120950324 0.64697265625 0.0005399568034557236 0.0009765625
0 0.20437365010799136 0.65576171875 0.0005399568034557236 0.0009765625
