0 0.6546976241900648 0.43896484375 0.0005399568034557236 0.0009765625
0 0.6984341252699784 0.40771484375 0.0005399568034557236 0.0009765625
0 0.722732181425486 0.36669921875 0.0005399568034557236 0.0009765625
0 0.5893628509719222 0.34423828125 0.0005399568034557236 0.0009765625
0 0.6223002159827213 0.44189453125 0.0005399568034557236 0.0009765625
0 0.6509179265658748 0.64599609375 0.0005399568034557236 0.0009765625
0 0.6131209503239741 0.67919921875 0.0005399568034557236 0.0009765625
0 0.5807235421166307 0.72314453125 0.0005399568034557236 0.0009765625
0 0.5494060475161987 0.68701171875 0.0005399568034557236 0.0009765625
0 0.5207883369330454 0.68603515625 0.0005399568034557236 0.0009765625
0 0.48569114470842334 0.67919921875 0.0005399568034557236 0.0009765625
0 0.39443844492440605 0.71044921875 0.0005399568034557236 0.0009765625
0 0.44465442764578833 0.67138671875 0.0005399568034557236 0.0009765625
0 0.7707883369330454 0.60791015625 0.0005399568034557236 0.0009765625
0 0.22165226781857453 0.34716796875 0.0005399568034557236 0.0009765625
0 0.24811015118790497 0.38037109375 0.0005399568034557236 0.0009765625
0 0.29616630669546434 0.40673828125 0.0005399568034557236 0.0009765625
0 0.34800215982721383 0.46337890625 0.0005399568034557236 0.0009765625
0 0.3879589632829374 0.32666015625 0.0005399568034557236 0.0009765625
0 0.40793736501079914 0.43115234375 0.0005399568034557236 0.0009765625
0 0.4581533477321814 0.42822265625 0.0005399568034557236 0.0009765625
0 0.5148488120950324 0.42529296875 0.0005399568034557236 0.0009765625
0 0.5666846652267818 0.46142578125 0.0005399568034557236 0.0009765625
0 0.7016738660907127 0.58740234375 0.0005399568034557236 0.0009765625
0 0.33990280777537796 0.66552734375 0.0005399568034557236 0.0009765625
0 0.2761879049676026 0.63037109375 0.0005399568034557236 0.0009765625
0 0.1708963282937365 0.58837890625 0.0005399568034557236 0.0009765625
0 0.2054535637149028 0.57568359375 0.0005399568034557236 0.0009765625
