0 0.6347378735913768 0.37353515625 0.0004899559039686428 0.0009765625
0 0.6705046545810877 0.36279296875 0.0004899559039686428 0.0009765625
0 0.7087212150906418 0.34521484375 0.0004899559039686428 0.0009765625
0 0.5681038706516414 0.31787109375 0.0004899559039686428 0.0009765625
0 0.5950514453699167 0.35595703125 0.0004899559039686428 0.0009765625
0 0.6415972562469378 0.56982421875 0.0004899559039686428 0.0009765625
0 0.6048505634492896 0.58349609375 0.0004899559039686428 0.0009765625
0 0.5759431651151397 0.58935546875 0.0004899559039686428 0.0009765625
0 0.5436060754532092 0.59423828125 0.0004899559039686428 0.0009765625
0 0.5156785889269966 0.61181640625 0.0004899559039686428 0.0009765625
0 0.4941205291523763 0.62548828125 0.0004899559039686428 0.0009765625
0 0.46962273395394416 0.62744140625 0.0004899559039686428 0.0009765625
0 0.4073983341499265 0.60107421875 0.0004899559039686428 0.0009765625
0 0.746937775600196 0.34033203125 0.0004899559039686428 0.0009765625
0 0.4426751592356688 0.62060546875 0.0004899559039686428 0.0009765625
0 0.753797158255757 0.54541015625 0.0004899559039686428 0.0009765625
0 0.23052425281724645 0.34423828125 0.0004899559039686428 0.0009765625
0 0.2775600195982362 0.35595703125 0.0004899559039686428 0.0009765625
0 0.32214600685938266 0.35986328125 0.0004899559039686428 0.0009765625
0 0.35889269965703086 0.32470703125 0.0004899559039686428 0.0009765625
0 0.39318961293483584 0.29150390625 0.0004899559039686428 0.0009765625
0 0.4250367466927977 0.36083984375 0.0004899559039686428 0.0009765625
0 0.4578637922586967 0.37158203125 0.0004899559039686428 0.0009765625
0 0.5009799118079373 0.37646484375 0.0004899559039686428 0.0009765625
0 0.5401763841254287 0.33740234375 0.0004899559039686428 0.0009765625
0 0.7008819206271436 0.55126953125 0.0004899559039686428 0.0009765625
0 0.37261146496815284 0.60205078125 0.0004899559039686428 0.0009765625
0 0.32802547770700635 0.58740234375 0.0004899559039686428 0.0009765625
0 0.2711905928466438 0.56689453125 0.0004899559039686428 0.0009765625
0 0.22513473787359137 0.53369140625 0.0004899559039686428 0.0009765625
