0 0.6616854483096521 0.36865234375 0.0004899559039686428 0.0009765625
0 0.6940225379715825 0.35107421875 0.0004899559039686428 0.0009765625
0 0.7390984811366977 0.32958984375 0.0004899559039686428 0.0009765625
0 0.5926016658500735 0.35107421875 0.0004899559039686428 0.0009765625
0 0.6293483586477217 0.35400390625 0.0004899559039686428 0.0009765625
0 0.6641352278294953 0.56982421875 0.0004899559039686428 0.0009765625
0 0.6337579617834395 0.59228515625 0.0004899559039686428 0.0009765625
0 0.6014208721215091 0.61181640625 0.0004899559039686428 0.0009765625
0 0.56859382655561 0.62353515625 0.0004899559039686428 0.0009765625
0 0.5377266046055855 0.62548828125 0.0004899559039686428 0.0009765625
0 0.5107790298873102 0.63232421875 0.0004899559039686428 0.0009765625
0 0.48089171974522293 0.62548828125 0.0004899559039686428 0.0009765625
0 0.4093581577658011 0.61962890625 0.0004899559039686428 0.0009765625
0 0.1634002939735424 0.49169921875 0.0004899559039686428 0.0009765625
0 0.7714355707986281 0.30712890625 0.0004899559039686428 0.0009765625
0 0.4485546300832925 0.62255859375 0.0004899559039686428 0.0009765625
0 0.7704556589906908 0.51611328125 0.0004899559039686428 0.0009765625
0 0.1624203821656051 0.28857421875 0.0004899559039686428 0.0009765625
0 0.2138657520823126 0.28955078125 0.0004899559039686428 0.0009765625
0 0.2609015188633023 0.32177734375 0.0004899559039686428 0.0009765625
0 0.3157765801077903 0.32470703125 0.0004899559039686428 0.0009765625
0 0.35105340519353256 0.32861328125 0.0004899559039686428 0.0009765625
0 0.38290053895149434 0.35791015625 0.0004899559039686428 0.0009765625
0 0.42601665850073495 0.37744140625 0.0004899559039686428 0.0009765625
0 0.46521313081822635 0.38232421875 0.0004899559039686428 0.0009765625
0 0.505389514943655 0.36962890625 0.0004899559039686428 0.0009765625
0 0.5602645761881431 0.36865234375 0.0004899559039686428 0.0009765625
0 0.7190102890739833 0.52685546875 0.0004899559039686428 0.0009765625
0 0.3647721705046546 0.58740234375 0.0004899559039686428 0.0009765625
0 0.3192062714355708 0.58056640625 0.0004899559039686428 0.0009765625
0 0.24865262126408624 0.54443359375 0.0004899559039686428 0.0009765625
0 0.19475747182753553 0.51123046875 0.0004899559039686428 0.0009765625
