0 0.6024007839294464 0.32275390625 0.0004899559039686428 0.0009765625
0 0.6347378735913768 0.31103515625 0.0004899559039686428 0.0009765625
0 0.6739343459088682 0.28271484375 0.0004899559039686428 0.0009765625
0 0.5700636942675159 0.31591796875 0.0004899559039686428 0.0009765625
0 0.6518863302302793 0.50927734375 0.0004899559039686428 0.0009765625
0 0.6151396374326311 0.56005859375 0.0004899559039686428 0.0009765625
0 0.582312591866732 0.56103515625 0.0004899559039686428 0.0009765625
0 0.5445859872611465 0.56787109375 0.0004899559039686428 0.0009765625
0 0.5186183243508085 0.58544921875 0.0004899559039686428 0.0009765625
0 0.493140617344439 0.58740234375 0.0004899559039686428 0.0009765625
0 0.4666829985301323 0.59130859375 0.0004899559039686428 0.0009765625
0 0.3892699657030867 0.59228515625 0.0004899559039686428 0.0009765625
0 0.43924546790788827 0.58056640625 0.0004899559039686428 0.0009765625
0 0.2633512983831455 0.27978515625 0.0004899559039686428 0.0009765625
0 0.3133268005879471 0.30908203125 0.0004899559039686428 0.0009765625
0 0.36428221460068594 0.34228515625 0.0004899559039686428 0.0009765625
0 0.39171974522292996 0.31591796875 0.0004899559039686428 0.0009765625
0 0.4274865262126409 0.32470703125 0.0004899559039686428 0.0009765625
0 0.46178343949044587 0.32861328125 0.0004899559039686428 0.0009765625
0 0.49853013228809406 0.34716796875 0.0004899559039686428 0.0009765625
0 0.535766780989711 0.33740234375 0.0004899559039686428 0.0009765625
0 0.7008819206271436 0.46044921875 0.0004899559039686428 0.0009765625
0 0.3682018618324351 0.56787109375 0.0004899559039686428 0.0009765625
0 0.3392944634982852 0.56005859375 0.0004899559039686428 0.0009765625
0 0.24767270945614894 0.52880859375 0.0004899559039686428 0.0009765625
0 0.19524742773150416 0.47119140625 0.0004899559039686428 0.0009765625
