0 0.6474767270945615 0.27099609375 0.0004899559039686428 0.0009765625
0 0.5769230769230769 0.30029296875 0.0004899559039686428 0.0009765625
0 0.6151396374326311 0.29833984375 0.0004899559039686428 0.0009765625
0 0.6631553160215581 0.48095703125 0.0004899559039686428 0.0009765625
0 0.6308182263596276 0.52880859375 0.0004899559039686428 0.0009765625
0 0.5916217540421362 0.56103515625 0.0004899559039686428 0.0009765625
0 0.5524252817246448 0.56298828125 0.0004899559039686428 0.0009765625
0 0.5210681038706516 0.56787109375 0.0004899559039686428 0.0009765625
0 0.49069083782459577 0.57861328125 0.0004899559039686428 0.0009765625
0 0.458843704066634 0.56787109375 0.0004899559039686428 0.0009765625
0 0.36918177364037236 0.58056640625 0.0004899559039686428 0.0009765625
0 0.6876531112199902 0.27099609375 0.0004899559039686428 0.0009765625
0 0.4269965703086722 0.57177734375 0.0004899559039686428 0.0009765625
0 0.23640372366487017 0.26220703125 0.0004899559039686428 0.0009765625
0 0.2898089171974522 0.27099609375 0.0004899559039686428 0.0009765625
0 0.3412542871141597 0.27978515625 0.0004899559039686428 0.0009765625
0 0.37212150906418423 0.28955078125 0.0004899559039686428 0.0009765625
0 0.410828025477707 0.32275390625 0.0004899559039686428 0.0009765625
0 0.4485546300832925 0.33154296875 0.0004899559039686428 0.0009765625
0 0.49853013228809406 0.31982421875 0.0004899559039686428 0.0009765625
0 0.5436060754532092 0.31591796875 0.0004899559039686428 0.0009765625
0 0.7199902008819207 0.42724609375 0.0004899559039686428 0.0009765625
0 0.34566389024987754 0.56005859375 0.0004899559039686428 0.0009765625
0 0.3187163155316022 0.52978515625 0.0004899559039686428 0.0009765625
0 0.22856442920137188 0.50244140625 0.0004899559039686428 0.0009765625
0 0.17711905928466437 0.43603515625 0.0004899559039686428 0.0009765625
