0 0.615063788027478 0.36865234375 0.0004906771344455348 0.0009765625
0 0.6788518155053974 0.33935546875 0.0004906771344455348 0.0009765625
0 0.5831697742885181 0.36669921875 0.0004906771344455348 0.0009765625
0 0.6538272816486752 0.57177734375 0.0004906771344455348 0.0009765625
0 0.5915112855740923 0.58349609375 0.0004906771344455348 0.0009765625
0 0.5576545632973503 0.59619140625 0.0004906771344455348 0.0009765625
0 0.5282139352306182 0.60498046875 0.0004906771344455348 0.0009765625
0 0.5046614327772326 0.60693359375 0.0004906771344455348 0.0009765625
0 0.47914622178606475 0.60791015625 0.0004906771344455348 0.0009765625
0 0.41535819430814525 0.58740234375 0.0004906771344455348 0.0009765625
0 0.4511776251226693 0.59814453125 0.0004906771344455348 0.0009765625
0 0.2877821393523062 0.35791015625 0.0004906771344455348 0.0009765625
0 0.3716879293424926 0.36474609375 0.0004906771344455348 0.0009765625
0 0.44087340529931307 0.38037109375 0.0004906771344455348 0.0009765625
0 0.4668792934249264 0.38720703125 0.0004906771344455348 0.0009765625
0 0.5071148184494603 0.37841796875 0.0004906771344455348 0.0009765625
0 0.5498037291462218 0.35791015625 0.0004906771344455348 0.0009765625
0 0.38052011776251227 0.58251953125 0.0004906771344455348 0.0009765625
0 0.2652109911678116 0.57861328125 0.0004906771344455348 0.0009765625
