0 0.6425771680548751 0.33544921875 0.0004899559039686428 0.0009765625
0 0.6773640372366487 0.32861328125 0.0004899559039686428 0.0009765625
0 0.7219500244977952 0.34228515625 0.0004899559039686428 0.0009765625
0 0.5769230769230769 0.32861328125 0.0004899559039686428 0.0009765625
0 0.6038706516413522 0.35791015625 0.0004899559039686428 0.0009765625
0 0.6518863302302793 0.57666015625 0.0004899559039686428 0.0009765625
0 0.6107300342969133 0.59423828125 0.0004899559039686428 0.0009765625
0 0.5813326800587947 0.60986328125 0.0004899559039686428 0.0009765625
0 0.5499755022048015 0.62060546875 0.0004899559039686428 0.0009765625
0 0.5210681038706516 0.62744140625 0.0004899559039686428 0.0009765625
0 0.4946104850563449 0.62353515625 0.0004899559039686428 0.0009765625
0 0.46766291033806956 0.62939453125 0.0004899559039686428 0.0009765625
0 0.4073983341499265 0.62060546875 0.0004899559039686428 0.0009765625
0 0.1839784419402254 0.49658203125 0.0004899559039686428 0.0009765625
0 0.7523272905438511 0.32666015625 0.0004899559039686428 0.0009765625
0 0.43973542381185693 0.62060546875 0.0004899559039686428 0.0009765625
0 0.760656540911318 0.52490234375 0.0004899559039686428 0.0009765625
0 0.18838804507594317 0.29833984375 0.0004899559039686428 0.0009765625
0 0.2275845173934346 0.31396484375 0.0004899559039686428 0.0009765625
0 0.2721705046545811 0.31396484375 0.0004899559039686428 0.0009765625
0 0.321656050955414 0.31103515625 0.0004899559039686428 0.0009765625
0 0.3544830965213131 0.32861328125 0.0004899559039686428 0.0009765625
0 0.3868201861832435 0.32275390625 0.0004899559039686428 0.0009765625
0 0.4186673199412053 0.37158203125 0.0004899559039686428 0.0009765625
0 0.45492405683488485 0.37744140625 0.0004899559039686428 0.0009765625
0 0.4975502204801568 0.35986328125 0.0004899559039686428 0.0009765625
0 0.5421362077413033 0.39599609375 0.0004899559039686428 0.0009765625
0 0.7101910828025477 0.54052734375 0.0004899559039686428 0.0009765625
0 0.3647721705046546 0.60791015625 0.0004899559039686428 0.0009765625
0 0.3236158745712886 0.58056640625 0.0004899559039686428 0.0009765625
0 0.2672709456148947 0.56298828125 0.0004899559039686428 0.0009765625
0 0.20749632533072024 0.52978515625 0.0004899559039686428 0.0009765625
