0 0.6656050955414012 0.23095703125 0.0004899559039686428 0.0009765625
0 0.7234198922097012 0.21142578125 0.0004899559039686428 0.0009765625
0 0.6014208721215091 0.17822265625 0.0004899559039686428 0.0009765625
0 0.6332680058794709 0.21337890625 0.0004899559039686428 0.0009765625
0 0.6582557569818717 0.45556640625 0.0004899559039686428 0.0009765625
0 0.6264086232239099 0.47119140625 0.0004899559039686428 0.0009765625
0 0.5950514453699167 0.47802734375 0.0004899559039686428 0.0009765625
0 0.5656540911317981 0.47119140625 0.0004899559039686428 0.0009765625
0 0.534296913277805 0.47998046875 0.0004899559039686428 0.0009765625
0 0.5107790298873102 0.47412109375 0.0004899559039686428 0.0009765625
0 0.4843214110730034 0.47607421875 0.0004899559039686428 0.0009765625
0 0.4152376286134248 0.46435546875 0.0004899559039686428 0.0009765625
0 0.16389024987751102 0.41162109375 0.0004899559039686428 0.0009765625
0 0.7724154826065655 0.20947265625 0.0004899559039686428 0.0009765625
0 0.4529642332190103 0.46533203125 0.0004899559039686428 0.0009765625
0 0.17907888290053894 0.15966796875 0.0004899559039686428 0.0009765625
0 0.2310142087212151 0.17529296875 0.0004899559039686428 0.0009765625
0 0.2780499755022048 0.16650390625 0.0004899559039686428 0.0009765625
0 0.3314551690347869 0.17822265625 0.0004899559039686428 0.0009765625
0 0.3623223909848114 0.19091796875 0.0004899559039686428 0.0009765625
0 0.397109260166585 0.16943359375 0.0004899559039686428 0.0009765625
0 0.4372856442920137 0.18017578125 0.0004899559039686428 0.0009765625
0 0.47207251347378737 0.20263671875 0.0004899559039686428 0.0009765625
0 0.5186183243508085 0.17529296875 0.0004899559039686428 0.0009765625
0 0.5646741793238609 0.17529296875 0.0004899559039686428 0.0009765625
0 0.7185203331700147 0.43603515625 0.0004899559039686428 0.0009765625
0 0.37898089171974525 0.46435546875 0.0004899559039686428 0.0009765625
0 0.34027437530622245 0.46435546875 0.0004899559039686428 0.0009765625
0 0.27070063694267515 0.45166015625 0.0004899559039686428 0.0009765625
0 0.20504654581087703 0.42724609375 0.0004899559039686428 0.0009765625
