0 0.5656540911317981 0.31103515625 0.0004899559039686428 0.0009765625
0 0.6058304752572269 0.38427734375 0.0004899559039686428 0.0009765625
0 0.6195492405683488 0.56298828125 0.0004899559039686428 0.0009765625
0 0.5901518863302303 0.58056640625 0.0004899559039686428 0.0009765625
0 0.5558549730524253 0.57373046875 0.0004899559039686428 0.0009765625
0 0.5308672219500244 0.57568359375 0.0004899559039686428 0.0009765625
0 0.5093091621754042 0.57666015625 0.0004899559039686428 0.0009765625
0 0.4872611464968153 0.58056640625 0.0004899559039686428 0.0009765625
0 0.42846643802057816 0.57861328125 0.0004899559039686428 0.0009765625
0 0.458843704066634 0.57568359375 0.0004899559039686428 0.0009765625
0 0.2589416952474277 0.31787109375 0.0004899559039686428 0.0009765625
0 0.2986281234688878 0.32275390625 0.0004899559039686428 0.0009765625
0 0.4015188633023028 0.30517578125 0.0004899559039686428 0.0009765625
0 0.438265556099951 0.38427734375 0.0004899559039686428 0.0009765625
0 0.4642332190102891 0.33837890625 0.0004899559039686428 0.0009765625
0 0.49853013228809406 0.35107421875 0.0004899559039686428 0.0009765625
0 0.5347868691817736 0.36865234375 0.0004899559039686428 0.0009765625
0 0.6798138167564919 0.52001953125 0.0004899559039686428 0.0009765625
0 0.397109260166585 0.57666015625 0.0004899559039686428 0.0009765625
