0 0.6464968152866242 0.31591796875 0.0004899559039686428 0.0009765625
0 0.7023517883390494 0.31103515625 0.0004899559039686428 0.0009765625
0 0.6038706516413522 0.29833984375 0.0004899559039686428 0.0009765625
0 0.6896129348358647 0.47216796875 0.0004899559039686428 0.0009765625
0 0.6430671239588437 0.49853515625 0.0004899559039686428 0.0009765625
0 0.5989710926016658 0.50732421875 0.0004899559039686428 0.0009765625
0 0.5573248407643312 0.50244140625 0.0004899559039686428 0.0009765625
0 0.5210681038706516 0.49658203125 0.0004899559039686428 0.0009765625
0 0.4843214110730034 0.49951171875 0.0004899559039686428 0.0009765625
0 0.44659480646741795 0.50244140625 0.0004899559039686428 0.0009765625
0 0.3760411562959334 0.52099609375 0.0004899559039686428 0.0009765625
0 0.15360117589416952 0.44873046875 0.0004899559039686428 0.0009765625
0 0.7390984811366977 0.25830078125 0.0004899559039686428 0.0009765625
0 0.4098481136697697 0.50244140625 0.0004899559039686428 0.0009765625
0 0.20749632533072024 0.31591796875 0.0004899559039686428 0.0009765625
0 0.25208231259186675 0.27587890625 0.0004899559039686428 0.0009765625
0 0.32459578637922587 0.32470703125 0.0004899559039686428 0.0009765625
0 0.3647721705046546 0.31103515625 0.0004899559039686428 0.0009765625
0 0.4015188633023028 0.32666015625 0.0004899559039686428 0.0009765625
0 0.43973542381185693 0.28662109375 0.0004899559039686428 0.0009765625
0 0.4828515433610975 0.29833984375 0.0004899559039686428 0.0009765625
0 0.5254777070063694 0.27392578125 0.0004899559039686428 0.0009765625
0 0.5636942675159236 0.28173828125 0.0004899559039686428 0.0009765625
0 0.7464478196962273 0.39111328125 0.0004899559039686428 0.0009765625
0 0.3123468887800098 0.52880859375 0.0004899559039686428 0.0009765625
0 0.2589416952474277 0.49365234375 0.0004899559039686428 0.0009765625
0 0.20259676629103382 0.47412109375 0.0004899559039686428 0.0009765625
