0 0.6467567567567568 0.32373046875 0.0005405405405405405 0.0009765625
0 0.6808108108108109 0.32568359375 0.0005405405405405405 0.0009765625
0 0.7364864864864865 0.32275390625 0.0005405405405405405 0.0009765625
0 0.5845945945945946 0.32275390625 0.0005405405405405405 0.0009765625
0 0.6137837837837837 0.33349609375 0.0005405405405405405 0.0009765625
0 0.6478378378378379 0.51904296875 0.0005405405405405405 0.0009765625
0 0.6197297297297297 0.54443359375 0.0005405405405405405 0.0009765625
0 0.5889189189189189 0.55908203125 0.0005405405405405405 0.0009765625
0 0.5602702702702703 0.56689453125 0.0005405405405405405 0.0009765625
0 0.5310810810810811 0.55712890625 0.0005405405405405405 0.0009765625
0 0.5018918918918919 0.56787109375 0.0005405405405405405 0.0009765625
0 0.4775675675675676 0.56689453125 0.0005405405405405405 0.0009765625
0 0.40783783783783784 0.56298828125 0.0005405405405405405 0.0009765625
0 0.15162162162162163 0.47021484375 0.0005405405405405405 0.0009765625
0 0.7775675675675676 0.26513671875 0.0005405405405405405 0.0009765625
0 0.43810810810810813 0.56201171875 0.0005405405405405405 0.0009765625
0 0.777027027027027 0.46240234375 0.0005405405405405405 0.0009765625
0 0.1608108108108108 0.29052734375 0.0005405405405405405 0.0009765625
0 0.19972972972972974 0.33935546875 0.0005405405405405405 0.0009765625
0 0.2581081081081081 0.33447265625 0.0005405405405405405 0.0009765625
0 0.31486486486486487 0.32080078125 0.0005405405405405405 0.0009765625
0 0.35162162162162164 0.31298828125 0.0005405405405405405 0.0009765625
0 0.37810810810810813 0.30322265625 0.0005405405405405405 0.0009765625
0 0.4213513513513514 0.31298828125 0.0005405405405405405 0.0009765625
0 0.45756756756756756 0.30322265625 0.0005405405405405405 0.0009765625
0 0.5018918918918919 0.31396484375 0.0005405405405405405 0.0009765625
0 0.548918918918919 0.31787109375 0.0005405405405405405 0.0009765625
0 0.7164864864864865 0.49267578125 0.0005405405405405405 0.0009765625
0 0.3683783783783784 0.56396484375 0.0005405405405405405 0.0009765625
0 0.33054054054054055 0.56494140625 0.0005405405405405405 0.0009765625
0 0.2635135135135135 0.53662109375 0.0005405405405405405 0.0009765625
0 0.19702702702702704 0.50634765625 0.0005405405405405405 0.0009765625
