0 0.6215090641842235 0.28857421875 0.0004899559039686428 0.0009765625
0 0.6553160215580598 0.28955078125 0.0004899559039686428 0.0009765625
0 0.7062714355707986 0.27294921875 0.0004899559039686428 0.0009765625
0 0.5568348848603626 0.27587890625 0.0004899559039686428 0.0009765625
0 0.5779029887310142 0.31396484375 0.0004899559039686428 0.0009765625
0 0.649436550710436 0.49560546875 0.0004899559039686428 0.0009765625
0 0.6058304752572269 0.51025390625 0.0004899559039686428 0.0009765625
0 0.5720235178833905 0.51513671875 0.0004899559039686428 0.0009765625
0 0.5431161195492406 0.52587890625 0.0004899559039686428 0.0009765625
0 0.513718765311122 0.54345703125 0.0004899559039686428 0.0009765625
0 0.4970602645761881 0.55615234375 0.0004899559039686428 0.0009765625
0 0.47501224889759924 0.56298828125 0.0004899559039686428 0.0009765625
0 0.40788829005389515 0.54443359375 0.0004899559039686428 0.0009765625
0 0.1727094561489466 0.47705078125 0.0004899559039686428 0.0009765625
0 0.726359627633513 0.23193359375 0.0004899559039686428 0.0009765625
0 0.4529642332190103 0.54638671875 0.0004899559039686428 0.0009765625
0 0.7459578637922587 0.48876953125 0.0004899559039686428 0.0009765625
0 0.198187163155316 0.26025390625 0.0004899559039686428 0.0009765625
0 0.23983341499265065 0.27294921875 0.0004899559039686428 0.0009765625
0 0.3236158745712886 0.27392578125 0.0004899559039686428 0.0009765625
0 0.3574228319451249 0.30419921875 0.0004899559039686428 0.0009765625
0 0.3912297893189613 0.25341796875 0.0004899559039686428 0.0009765625
0 0.4304262616364527 0.30517578125 0.0004899559039686428 0.0009765625
0 0.46178343949044587 0.31396484375 0.0004899559039686428 0.0009765625
0 0.4941205291523763 0.32861328125 0.0004899559039686428 0.0009765625
0 0.5254777070063694 0.29345703125 0.0004899559039686428 0.0009765625
0 0.690592846643802 0.48876953125 0.0004899559039686428 0.0009765625
0 0.3809407153356198 0.54443359375 0.0004899559039686428 0.0009765625
0 0.34027437530622245 0.53369140625 0.0004899559039686428 0.0009765625
0 0.28343949044585987 0.50341796875 0.0004899559039686428 0.0009765625
0 0.24179323860852522 0.50244140625 0.0004899559039686428 0.0009765625
