0 0.6298383145516904 0.38623046875 0.0004899559039686428 0.0009765625
0 0.5607545320921117 0.37646484375 0.0004899559039686428 0.0009765625
0 0.5906418422341989 0.62255859375 0.0004899559039686428 0.0009765625
0 0.5558549730524253 0.63330078125 0.0004899559039686428 0.0009765625
0 0.5225379715825575 0.65380859375 0.0004899559039686428 0.0009765625
0 0.49118079372856444 0.64599609375 0.0004899559039686428 0.0009765625
0 0.46276335129838314 0.64794921875 0.0004899559039686428 0.0009765625
0 0.38192062714355707 0.62255859375 0.0004899559039686428 0.0009765625
0 0.42601665850073495 0.64013671875 0.0004899559039686428 0.0009765625
0 0.21337579617834396 0.36083984375 0.0004899559039686428 0.0009765625
0 0.3809407153356198 0.38818359375 0.0004899559039686428 0.0009765625
0 0.4475747182753552 0.41357421875 0.0004899559039686428 0.0009765625
0 0.493140617344439 0.40869140625 0.0004899559039686428 0.0009765625
0 0.34860362567368935 0.62353515625 0.0004899559039686428 0.0009765625
