0 0.6886330230279275 0.49072265625 0.0004899559039686428 0.0009765625
0 0.5774130328270456 0.39599609375 0.0004899559039686428 0.0009765625
0 0.5734933855952964 0.61181640625 0.0004899559039686428 0.0009765625
0 0.5470357667809898 0.61962890625 0.0004899559039686428 0.0009765625
0 0.5161685448309652 0.61962890625 0.0004899559039686428 0.0009765625
0 0.49608035276825085 0.61767578125 0.0004899559039686428 0.0009765625
0 0.46276335129838314 0.61279296875 0.0004899559039686428 0.0009765625
0 0.39514943655071044 0.69677734375 0.0004899559039686428 0.0009765625
0 0.7361587457128859 0.43701171875 0.0004899559039686428 0.0009765625
0 0.43679568838804506 0.61279296875 0.0004899559039686428 0.0009765625
0 0.22856442920137188 0.43212890625 0.0004899559039686428 0.0009765625
0 0.383390494855463 0.40673828125 0.0004899559039686428 0.0009765625
0 0.41376776090151884 0.37353515625 0.0004899559039686428 0.0009765625
0 0.4563939245467908 0.37646484375 0.0004899559039686428 0.0009765625
0 0.5004899559039686 0.37060546875 0.0004899559039686428 0.0009765625
0 0.5401763841254287 0.39404296875 0.0004899559039686428 0.0009765625
