0 0.6215090641842235 0.31494140625 0.0004899559039686428 0.0009765625
0 0.6499265066144047 0.30322265625 0.0004899559039686428 0.0009765625
0 0.6959823615874571 0.30322265625 0.0004899559039686428 0.0009765625
0 0.5612444879960804 0.32177734375 0.0004899559039686428 0.0009765625
0 0.5906418422341989 0.32177734375 0.0004899559039686428 0.0009765625
0 0.6362077413032827 0.57958984375 0.0004899559039686428 0.0009765625
0 0.6048505634492896 0.58642578125 0.0004899559039686428 0.0009765625
0 0.5788829005389515 0.58642578125 0.0004899559039686428 0.0009765625
0 0.5445859872611465 0.58642578125 0.0004899559039686428 0.0009765625
0 0.5284174424301813 0.61474609375 0.0004899559039686428 0.0009765625
0 0.5 0.60498046875 0.0004899559039686428 0.0009765625
0 0.4818716315531602 0.59814453125 0.0004899559039686428 0.0009765625
0 0.40004899559039686 0.60498046875 0.0004899559039686428 0.0009765625
0 0.18936795688388045 0.50830078125 0.0004899559039686428 0.0009765625
0 0.7327290543851054 0.28466796875 0.0004899559039686428 0.0009765625
0 0.45443410093091624 0.60986328125 0.0004899559039686428 0.0009765625
0 0.7092111709946105 0.49658203125 0.0004899559039686428 0.0009765625
0 0.24963253307202352 0.30322265625 0.0004899559039686428 0.0009765625
0 0.29470847623713864 0.32861328125 0.0004899559039686428 0.0009765625
0 0.34076433121019106 0.34130859375 0.0004899559039686428 0.0009765625
0 0.3740813326800588 0.34814453125 0.0004899559039686428 0.0009765625
0 0.39759921607055365 0.32470703125 0.0004899559039686428 0.0009765625
0 0.43189612934835864 0.36181640625 0.0004899559039686428 0.0009765625
0 0.45688388045075945 0.35498046875 0.0004899559039686428 0.0009765625
0 0.49951004409603134 0.36474609375 0.0004899559039686428 0.0009765625
0 0.5362567368936796 0.36474609375 0.0004899559039686428 0.0009765625
0 0.6651151396374326 0.54833984375 0.0004899559039686428 0.0009765625
0 0.37163155316021557 0.60302734375 0.0004899559039686428 0.0009765625
0 0.33243508084272416 0.59814453125 0.0004899559039686428 0.0009765625
0 0.28294953454189126 0.56982421875 0.0004899559039686428 0.0009765625
0 0.21778539931406174 0.54638671875 0.0004899559039686428 0.0009765625
