0 0.579295154185022 0.38916015625 0.0004894762604013706 0.0009765625
0 0.5905531081742535 0.60693359375 0.0004894762604013706 0.0009765625
0 0.5597161037689672 0.61474609375 0.0004894762604013706 0.0009765625
0 0.5288790993636808 0.62060546875 0.0004894762604013706 0.0009765625
0 0.49902104747919723 0.62255859375 0.0004894762604013706 0.0009765625
0 0.4755261869799315 0.60498046875 0.0004894762604013706 0.0009765625
0 0.44713656387665196 0.62646484375 0.0004894762604013706 0.0009765625
0 0.37958883994126286 0.62060546875 0.0004894762604013706 0.0009765625
0 0.4118942731277533 0.61279296875 0.0004894762604013706 0.0009765625
0 0.3800783162016642 0.39306640625 0.0004894762604013706 0.0009765625
0 0.34140969162995594 0.61279296875 0.0004894762604013706 0.0009765625
