0 0.6259186673199412 0.39794921875 0.0004899559039686428 0.0009765625
0 0.6548260656540912 0.37646484375 0.0004899559039686428 0.0009765625
0 0.7008819206271436 0.34814453125 0.0004899559039686428 0.0009765625
0 0.5656540911317981 0.38330078125 0.0004899559039686428 0.0009765625
0 0.5930916217540422 0.37646484375 0.0004899559039686428 0.0009765625
0 0.6224889759921607 0.59814453125 0.0004899559039686428 0.0009765625
0 0.5886820186183244 0.62646484375 0.0004899559039686428 0.0009765625
0 0.5597746202841745 0.64013671875 0.0004899559039686428 0.0009765625
0 0.5313571778539932 0.65673828125 0.0004899559039686428 0.0009765625
0 0.49363057324840764 0.65673828125 0.0004899559039686428 0.0009765625
0 0.4745222929936306 0.64501953125 0.0004899559039686428 0.0009765625
0 0.4475747182753552 0.64306640625 0.0004899559039686428 0.0009765625
0 0.3799608035276825 0.64306640625 0.0004899559039686428 0.0009765625
0 0.15850073493385594 0.54443359375 0.0004899559039686428 0.0009765625
0 0.7199902008819207 0.31494140625 0.0004899559039686428 0.0009765625
0 0.4191572758451739 0.64501953125 0.0004899559039686428 0.0009765625
0 0.7381185693287604 0.52978515625 0.0004899559039686428 0.0009765625
0 0.20259676629103382 0.32177734375 0.0004899559039686428 0.0009765625
0 0.23885350318471338 0.38037109375 0.0004899559039686428 0.0009765625
0 0.2790298873101421 0.36669921875 0.0004899559039686428 0.0009765625
0 0.32802547770700635 0.39794921875 0.0004899559039686428 0.0009765625
0 0.35595296423321904 0.38134765625 0.0004899559039686428 0.0009765625
0 0.3858402743753062 0.36962890625 0.0004899559039686428 0.0009765625
0 0.4201371876531112 0.39501953125 0.0004899559039686428 0.0009765625
0 0.45443410093091624 0.39501953125 0.0004899559039686428 0.0009765625
0 0.4951004409603136 0.39794921875 0.0004899559039686428 0.0009765625
0 0.5377266046055855 0.39794921875 0.0004899559039686428 0.0009765625
0 0.6827535521803038 0.56005859375 0.0004899559039686428 0.0009765625
0 0.35301322880940716 0.64990234375 0.0004899559039686428 0.0009765625
0 0.3054875061244488 0.62841796875 0.0004899559039686428 0.0009765625
0 0.2574718275355218 0.59521484375 0.0004899559039686428 0.0009765625
0 0.20259676629103382 0.55810546875 0.0004899559039686428 0.0009765625
