0 0.6460068593826556 0.31298828125 0.0004899559039686428 0.0009765625
0 0.6773640372366487 0.31494140625 0.0004899559039686428 0.0009765625
0 0.7243998040176384 0.32177734375 0.0004899559039686428 0.0009765625
0 0.5793728564429201 0.35693359375 0.0004899559039686428 0.0009765625
0 0.6107300342969133 0.34521484375 0.0004899559039686428 0.0009765625
0 0.6670749632533072 0.56298828125 0.0004899559039686428 0.0009765625
0 0.6317981381675649 0.58837890625 0.0004899559039686428 0.0009765625
0 0.5979911807937286 0.59130859375 0.0004899559039686428 0.0009765625
0 0.5612444879960804 0.58642578125 0.0004899559039686428 0.0009765625
0 0.5308672219500244 0.59130859375 0.0004899559039686428 0.0009765625
0 0.49951004409603134 0.58837890625 0.0004899559039686428 0.0009765625
0 0.47011268985791277 0.58349609375 0.0004899559039686428 0.0009765625
0 0.4073983341499265 0.58056640625 0.0004899559039686428 0.0009765625
0 0.4402253797158256 0.58837890625 0.0004899559039686428 0.0009765625
0 0.20994610485056345 0.30029296875 0.0004899559039686428 0.0009765625
0 0.26237138657520825 0.32666015625 0.0004899559039686428 0.0009765625
0 0.3182263596276335 0.35302734375 0.0004899559039686428 0.0009765625
0 0.35399314061734444 0.35302734375 0.0004899559039686428 0.0009765625
0 0.38290053895149434 0.35986328125 0.0004899559039686428 0.0009765625
0 0.42601665850073495 0.36474609375 0.0004899559039686428 0.0009765625
0 0.46031357177853993 0.40673828125 0.0004899559039686428 0.0009765625
0 0.505389514943655 0.36962890625 0.0004899559039686428 0.0009765625
0 0.5445859872611465 0.35498046875 0.0004899559039686428 0.0009765625
0 0.712640862322391 0.52001953125 0.0004899559039686428 0.0009765625
0 0.369671729544341 0.59814453125 0.0004899559039686428 0.0009765625
0 0.3182263596276335 0.58056640625 0.0004899559039686428 0.0009765625
0 0.2447329740323371 0.55517578125 0.0004899559039686428 0.0009765625
0 0.19965703086722195 0.52197265625 0.0004899559039686428 0.0009765625
