0 0.5661440470357668 0.39990234375 0.0004899559039686428 0.0009765625
0 0.5382165605095541 0.58349609375 0.0004899559039686428 0.0009765625
0 0.5171484566389025 0.59130859375 0.0004899559039686428 0.0009765625
0 0.4946104850563449 0.60986328125 0.0004899559039686428 0.0009765625
0 0.47011268985791277 0.60986328125 0.0004899559039686428 0.0009765625
0 0.4049485546300833 0.56982421875 0.0004899559039686428 0.0009765625
0 0.4436550710436061 0.59423828125 0.0004899559039686428 0.0009765625
0 0.46472317491425774 0.36181640625 0.0004899559039686428 0.0009765625
0 0.5019598236158745 0.34521484375 0.0004899559039686428 0.0009765625
0 0.541156295933366 0.35107421875 0.0004899559039686428 0.0009765625
0 0.38192062714355707 0.54345703125 0.0004899559039686428 0.0009765625
