0 0.6131798138167565 0.32861328125 0.0004899559039686428 0.0009765625
0 0.6499265066144047 0.42626953125 0.0004899559039686428 0.0009765625
0 0.6832435080842724 0.32470703125 0.0004899559039686428 0.0009765625
0 0.5636942675159236 0.33642578125 0.0004899559039686428 0.0009765625
0 0.5896619304262616 0.34130859375 0.0004899559039686428 0.0009765625
0 0.6758941695247428 0.59130859375 0.0004899559039686428 0.0009765625
0 0.630328270455659 0.58349609375 0.0004899559039686428 0.0009765625
0 0.6024007839294464 0.60498046875 0.0004899559039686428 0.0009765625
0 0.5779029887310142 0.61474609375 0.0004899559039686428 0.0009765625
0 0.5436060754532092 0.62841796875 0.0004899559039686428 0.0009765625
0 0.5142087212150906 0.62451171875 0.0004899559039686428 0.0009765625
0 0.4813816756491916 0.61474609375 0.0004899559039686428 0.0009765625
0 0.39416952474277317 0.60791015625 0.0004899559039686428 0.0009765625
0 0.7258696717295443 0.29150390625 0.0004899559039686428 0.0009765625
0 0.4358157765801078 0.62646484375 0.0004899559039686428 0.0009765625
0 0.7503674669279765 0.46923828125 0.0004899559039686428 0.0009765625
0 0.2060264576188143 0.30029296875 0.0004899559039686428 0.0009765625
0 0.25796178343949044 0.30029296875 0.0004899559039686428 0.0009765625
0 0.34027437530622245 0.34033203125 0.0004899559039686428 0.0009765625
0 0.3652621264086232 0.36962890625 0.0004899559039686428 0.0009765625
0 0.40298873101420873 0.35693359375 0.0004899559039686428 0.0009765625
0 0.4333659970602646 0.36669921875 0.0004899559039686428 0.0009765625
0 0.4534541891229789 0.34521484375 0.0004899559039686428 0.0009765625
0 0.49608035276825085 0.32470703125 0.0004899559039686428 0.0009765625
0 0.5338069573738363 0.33349609375 0.0004899559039686428 0.0009765625
0 0.7101910828025477 0.52978515625 0.0004899559039686428 0.0009765625
0 0.3549730524252817 0.63330078125 0.0004899559039686428 0.0009765625
0 0.30401763841254287 0.59130859375 0.0004899559039686428 0.0009765625
0 0.15164135227829495 0.53466796875 0.0004899559039686428 0.0009765625
