0 0.6430671239588437 0.34326171875 0.0004899559039686428 0.0009765625
0 0.7121509064184224 0.33154296875 0.0004899559039686428 0.0009765625
0 0.5798628123468887 0.35107421875 0.0004899559039686428 0.0009765625
0 0.6357177853993141 0.55322265625 0.0004899559039686428 0.0009765625
0 0.5847623713865752 0.55810546875 0.0004899559039686428 0.0009765625
0 0.541156295933366 0.57177734375 0.0004899559039686428 0.0009765625
0 0.513718765311122 0.59130859375 0.0004899559039686428 0.0009765625
0 0.4838314551690348 0.58740234375 0.0004899559039686428 0.0009765625
0 0.4583537481626654 0.58349609375 0.0004899559039686428 0.0009765625
0 0.3731014208721215 0.56005859375 0.0004899559039686428 0.0009765625
0 0.43091621754042136 0.57666015625 0.0004899559039686428 0.0009765625
0 0.2084762371386575 0.33154296875 0.0004899559039686428 0.0009765625
0 0.2564919157275845 0.45458984375 0.0004899559039686428 0.0009765625
0 0.2981381675649192 0.35009765625 0.0004899559039686428 0.0009765625
0 0.3417442430181284 0.34130859375 0.0004899559039686428 0.0009765625
0 0.38143067123958846 0.27001953125 0.0004899559039686428 0.0009765625
0 0.4167074963253307 0.32177734375 0.0004899559039686428 0.0009765625
0 0.45002449779519843 0.32470703125 0.0004899559039686428 0.0009765625
0 0.49853013228809406 0.28662109375 0.0004899559039686428 0.0009765625
0 0.3397844194022538 0.63330078125 0.0004899559039686428 0.0009765625
0 0.23934345908868201 0.57666015625 0.0004899559039686428 0.0009765625
