0 0.6215090641842235 0.37353515625 0.0004899559039686428 0.0009765625
0 0.6749142577168055 0.36181640625 0.0004899559039686428 0.0009765625
0 0.5798628123468887 0.58642578125 0.0004899559039686428 0.0009765625
0 0.548015678588927 0.57958984375 0.0004899559039686428 0.0009765625
0 0.5127388535031847 0.56298828125 0.0004899559039686428 0.0009765625
0 0.49118079372856444 0.57666015625 0.0004899559039686428 0.0009765625
0 0.47060264576188143 0.58642578125 0.0004899559039686428 0.0009765625
0 0.4171974522292994 0.59814453125 0.0004899559039686428 0.0009765625
0 0.1942675159235669 0.62255859375 0.0004899559039686428 0.0009765625
0 0.7077413032827046 0.30810546875 0.0004899559039686428 0.0009765625
0 0.44708476237138656 0.58740234375 0.0004899559039686428 0.0009765625
0 0.2511024007839294 0.37353515625 0.0004899559039686428 0.0009765625
0 0.36085252327290546 0.39306640625 0.0004899559039686428 0.0009765625
0 0.3966193042626164 0.33642578125 0.0004899559039686428 0.0009765625
0 0.42405683488486035 0.35693359375 0.0004899559039686428 0.0009765625
0 0.45933365997060266 0.36181640625 0.0004899559039686428 0.0009765625
0 0.49363057324840764 0.33837890625 0.0004899559039686428 0.0009765625
0 0.5220480156785889 0.32470703125 0.0004899559039686428 0.0009765625
0 0.6812836844683978 0.56005859375 0.0004899559039686428 0.0009765625
0 0.3290053895149437 0.61962890625 0.0004899559039686428 0.0009765625
