0 0.6474767270945615 0.41455078125 0.0004899559039686428 0.0009765625
0 0.7077413032827046 0.42626953125 0.0004899559039686428 0.0009765625
0 0.5597746202841745 0.29833984375 0.0004899559039686428 0.0009765625
0 0.6166095051445369 0.61376953125 0.0004899559039686428 0.0009765625
0 0.5759431651151397 0.64990234375 0.0004899559039686428 0.0009765625
0 0.5313571778539932 0.57470703125 0.0004899559039686428 0.0009765625
0 0.49951004409603134 0.56982421875 0.0004899559039686428 0.0009765625
0 0.47207251347378737 0.58154296875 0.0004899559039686428 0.0009765625
0 0.43434590886820185 0.57470703125 0.0004899559039686428 0.0009765625
0 0.349093581577658 0.55810546875 0.0004899559039686428 0.0009765625
0 0.40347868691817734 0.60791015625 0.0004899559039686428 0.0009765625
0 0.32802547770700635 0.54345703125 0.0004899559039686428 0.0009765625
0 0.3054875061244488 0.53173828125 0.0004899559039686428 0.0009765625
