0 0.6024007839294464 0.37646484375 0.0004899559039686428 0.0009765625
0 0.6347378735913768 0.35693359375 0.0004899559039686428 0.0009765625
0 0.6842234198922097 0.32861328125 0.0004899559039686428 0.0009765625
0 0.5470357667809898 0.39794921875 0.0004899559039686428 0.0009765625
0 0.5602645761881431 0.56787109375 0.0004899559039686428 0.0009765625
0 0.5303772660460558 0.58642578125 0.0004899559039686428 0.0009765625
0 0.506859382655561 0.59716796875 0.0004899559039686428 0.0009765625
0 0.4559039686428221 0.60498046875 0.0004899559039686428 0.0009765625
0 0.40347868691817734 0.59326171875 0.0004899559039686428 0.0009765625
0 0.21092601665850075 0.51513671875 0.0004899559039686428 0.0009765625
0 0.4274865262126409 0.59814453125 0.0004899559039686428 0.0009765625
0 0.27364037236648703 0.34130859375 0.0004899559039686428 0.0009765625
0 0.31479666829985303 0.39306640625 0.0004899559039686428 0.0009765625
0 0.3549730524252817 0.38525390625 0.0004899559039686428 0.0009765625
0 0.3990690837824596 0.38818359375 0.0004899559039686428 0.0009765625
0 0.43091621754042136 0.40673828125 0.0004899559039686428 0.0009765625
0 0.45247427731504164 0.41650390625 0.0004899559039686428 0.0009765625
0 0.4853013228809407 0.42626953125 0.0004899559039686428 0.0009765625
0 0.5186183243508085 0.41064453125 0.0004899559039686428 0.0009765625
0 0.3750612444879961 0.58154296875 0.0004899559039686428 0.0009765625
0 0.3466438020578148 0.56982421875 0.0004899559039686428 0.0009765625
