0 0.6749142577168055 0.34326171875 0.0004899559039686428 0.0009765625
0 0.7199902008819207 0.37646484375 0.0004899559039686428 0.0009765625
0 0.5676139147476728 0.38330078125 0.0004899559039686428 0.0009765625
0 0.6131798138167565 0.39697265625 0.0004899559039686428 0.0009765625
0 0.6357177853993141 0.59326171875 0.0004899559039686428 0.0009765625
0 0.5793728564429201 0.61962890625 0.0004899559039686428 0.0009765625
0 0.5504654581087702 0.62841796875 0.0004899559039686428 0.0009765625
0 0.5195982361587457 0.63623046875 0.0004899559039686428 0.0009765625
0 0.5019598236158745 0.67333984375 0.0004899559039686428 0.0009765625
0 0.47501224889759924 0.65283203125 0.0004899559039686428 0.0009765625
0 0.4142577168054875 0.62451171875 0.0004899559039686428 0.0009765625
0 0.18250857422831945 0.53662109375 0.0004899559039686428 0.0009765625
0 0.45247427731504164 0.63330078125 0.0004899559039686428 0.0009765625
0 0.22268495835374816 0.35009765625 0.0004899559039686428 0.0009765625
0 0.25796178343949044 0.35498046875 0.0004899559039686428 0.0009765625
0 0.3054875061244488 0.39794921875 0.0004899559039686428 0.0009765625
0 0.36428221460068594 0.39501953125 0.0004899559039686428 0.0009765625
0 0.3990690837824596 0.37353515625 0.0004899559039686428 0.0009765625
0 0.43189612934835864 0.40966796875 0.0004899559039686428 0.0009765625
0 0.46031357177853993 0.39306640625 0.0004899559039686428 0.0009765625
0 0.5009799118079373 0.39013671875 0.0004899559039686428 0.0009765625
0 0.5328270455658991 0.41162109375 0.0004899559039686428 0.0009765625
0 0.3799608035276825 0.61669921875 0.0004899559039686428 0.0009765625
0 0.34566389024987754 0.60498046875 0.0004899559039686428 0.0009765625
