0 0.6283684468397844 0.34521484375 0.0004899559039686428 0.0009765625
0 0.6523762861342479 0.32470703125 0.0004899559039686428 0.0009765625
0 0.6959823615874571 0.27978515625 0.0004899559039686428 0.0009765625
0 0.5646741793238609 0.35986328125 0.0004899559039686428 0.0009765625
0 0.5921117099461048 0.37158203125 0.0004899559039686428 0.0009765625
0 0.6425771680548751 0.55224609375 0.0004899559039686428 0.0009765625
0 0.609750122488976 0.59130859375 0.0004899559039686428 0.0009765625
0 0.5744732974032337 0.59912109375 0.0004899559039686428 0.0009765625
0 0.5440960313571779 0.59814453125 0.0004899559039686428 0.0009765625
0 0.5210681038706516 0.60498046875 0.0004899559039686428 0.0009765625
0 0.49951004409603134 0.62451171875 0.0004899559039686428 0.0009765625
0 0.4784419402253797 0.60791015625 0.0004899559039686428 0.0009765625
0 0.4083782459578638 0.59326171875 0.0004899559039686428 0.0009765625
0 0.18250857422831945 0.44189453125 0.0004899559039686428 0.0009765625
0 0.7234198922097012 0.23193359375 0.0004899559039686428 0.0009765625
0 0.45002449779519843 0.60986328125 0.0004899559039686428 0.0009765625
0 0.7420382165605095 0.45166015625 0.0004899559039686428 0.0009765625
0 0.22856442920137188 0.25732421875 0.0004899559039686428 0.0009765625
0 0.2711905928466438 0.27978515625 0.0004899559039686428 0.0009765625
0 0.32508574228319453 0.33447265625 0.0004899559039686428 0.0009765625
0 0.35987261146496813 0.35009765625 0.0004899559039686428 0.0009765625
0 0.39171974522292996 0.32177734375 0.0004899559039686428 0.0009765625
0 0.4279764821166095 0.38134765625 0.0004899559039686428 0.0009765625
0 0.45933365997060266 0.36962890625 0.0004899559039686428 0.0009765625
0 0.4951004409603136 0.38330078125 0.0004899559039686428 0.0009765625
0 0.5303772660460558 0.36962890625 0.0004899559039686428 0.0009765625
0 0.6969622733953944 0.50732421875 0.0004899559039686428 0.0009765625
0 0.3775110240078393 0.59814453125 0.0004899559039686428 0.0009765625
0 0.3294953454189123 0.58642578125 0.0004899559039686428 0.0009765625
0 0.25551200391964723 0.54150390625 0.0004899559039686428 0.0009765625
0 0.2094561489465948 0.49658203125 0.0004899559039686428 0.0009765625
