0 0.6278784909358158 0.35986328125 0.0004899559039686428 0.0009765625
0 0.6636452719255267 0.31982421875 0.0004899559039686428 0.0009765625
0 0.7087212150906418 0.31396484375 0.0004899559039686428 0.0009765625
0 0.5705536501714845 0.33544921875 0.0004899559039686428 0.0009765625
0 0.5960313571778539 0.37158203125 0.0004899559039686428 0.0009765625
0 0.623468887800098 0.57763671875 0.0004899559039686428 0.0009765625
0 0.5916217540421362 0.58251953125 0.0004899559039686428 0.0009765625
0 0.5587947084762371 0.58349609375 0.0004899559039686428 0.0009765625
0 0.5298873101420872 0.58544921875 0.0004899559039686428 0.0009765625
0 0.5048995590396864 0.58349609375 0.0004899559039686428 0.0009765625
0 0.48040176384125427 0.56787109375 0.0004899559039686428 0.0009765625
0 0.4049485546300833 0.58642578125 0.0004899559039686428 0.0009765625
0 0.44659480646741795 0.56494140625 0.0004899559039686428 0.0009765625
0 0.23885350318471338 0.31298828125 0.0004899559039686428 0.0009765625
0 0.28343949044585987 0.32275390625 0.0004899559039686428 0.0009765625
0 0.3677119059284664 0.35595703125 0.0004899559039686428 0.0009765625
0 0.3985791278784909 0.33447265625 0.0004899559039686428 0.0009765625
0 0.4353258206761392 0.31689453125 0.0004899559039686428 0.0009765625
0 0.46276335129838314 0.31982421875 0.0004899559039686428 0.0009765625
0 0.5048995590396864 0.31005859375 0.0004899559039686428 0.0009765625
0 0.5396864282214601 0.29833984375 0.0004899559039686428 0.0009765625
0 0.7018618324350808 0.51806640625 0.0004899559039686428 0.0009765625
0 0.37457128858402744 0.57080078125 0.0004899559039686428 0.0009765625
0 0.33047525722684956 0.55322265625 0.0004899559039686428 0.0009765625
0 0.27658010779029885 0.52978515625 0.0004899559039686428 0.0009765625
