0 0.6724644781969623 0.38720703125 0.0004899559039686428 0.0009765625
0 0.3740813326800588 0.00048828125 0.0004899559039686428 0.0009765625
0 0.5862322390984811 0.36865234375 0.0004899559039686428 0.0009765625
0 0.6298383145516904 0.58935546875 0.0004899559039686428 0.0009765625
0 0.5926016658500735 0.59912109375 0.0004899559039686428 0.0009765625
0 0.5597746202841745 0.61083984375 0.0004899559039686428 0.0009765625
0 0.5298873101420872 0.62353515625 0.0004899559039686428 0.0009765625
0 0.5048995590396864 0.62646484375 0.0004899559039686428 0.0009765625
0 0.4710926016658501 0.62060546875 0.0004899559039686428 0.0009765625
0 0.40445859872611467 0.60791015625 0.0004899559039686428 0.0009765625
0 0.43924546790788827 0.60888671875 0.0004899559039686428 0.0009765625
0 0.7243998040176384 0.48681640625 0.0004899559039686428 0.0009765625
0 0.23297403233708966 0.34033203125 0.0004899559039686428 0.0009765625
0 0.28294953454189126 0.34423828125 0.0004899559039686428 0.0009765625
0 0.38388045075943167 0.33447265625 0.0004899559039686428 0.0009765625
0 0.4539441450269476 0.36083984375 0.0004899559039686428 0.0009765625
0 0.5024497795198433 0.37158203125 0.0004899559039686428 0.0009765625
0 0.5538951494365507 0.39697265625 0.0004899559039686428 0.0009765625
0 0.6822635962763351 0.54150390625 0.0004899559039686428 0.0009765625
0 0.3740813326800588 0.61083984375 0.0004899559039686428 0.0009765625
0 0.32459578637922587 0.58642578125 0.0004899559039686428 0.0009765625
0 0.19475747182753553 0.53173828125 0.0004899559039686428 0.0009765625
