0 0.6401187904967602 0.39990234375 0.0005399568034557236 0.0009765625
0 0.6908747300215983 0.41455078125 0.0005399568034557236 0.0009765625
0 0.7248920086393088 0.37548828125 0.0005399568034557236 0.0009765625
0 0.5645248380129589 0.36376953125 0.0005399568034557236 0.0009765625
0 0.5953023758099352 0.39794921875 0.0005399568034557236 0.0009765625
0 0.6174406047516199 0.66552734375 0.0005399568034557236 0.0009765625
0 0.6050215982721382 0.76904296875 0.0005399568034557236 0.0009765625
0 0.589902807775378 0.68994140625 0.0005399568034557236 0.0009765625
0 0.5580453563714903 0.69873046875 0.0005399568034557236 0.0009765625
0 0.54670626349892 0.74267578125 0.0005399568034557236 0.0009765625
0 0.5094492440604752 0.70458984375 0.0005399568034557236 0.0009765625
0 0.47543196544276456 0.70654296875 0.0005399568034557236 0.0009765625
0 0.3771598272138229 0.69287109375 0.0005399568034557236 0.0009765625
0 0.18061555075593952 0.61474609375 0.0005399568034557236 0.0009765625
0 0.43601511879049676 0.70361328125 0.0005399568034557236 0.0009765625
0 0.7481101511879049 0.64013671875 0.0005399568034557236 0.0009765625
0 0.2945464362850972 0.65771484375 0.0005399568034557236 0.0009765625
0 0.22003239740820735 0.35888671875 0.0005399568034557236 0.0009765625
0 0.24811015118790497 0.38916015625 0.0005399568034557236 0.0009765625
0 0.3069654427645788 0.41064453125 0.0005399568034557236 0.0009765625
0 0.3512419006479482 0.45068359375 0.0005399568034557236 0.0009765625
0 0.3841792656587473 0.49755859375 0.0005399568034557236 0.0009765625
0 0.39011879049676024 0.35400390625 0.0005399568034557236 0.0009765625
0 0.44897408207343414 0.45849609375 0.0005399568034557236 0.0009765625
0 0.5078293736501079 0.45361328125 0.0005399568034557236 0.0009765625
0 0.5261879049676026 0.44189453125 0.0005399568034557236 0.0009765625
0 0.6762958963282938 0.63720703125 0.0005399568034557236 0.0009765625
0 0.33720302375809935 0.67919921875 0.0005399568034557236 0.0009765625
0 0.2864470842332613 0.75146484375 0.0005399568034557236 0.0009765625
0 0.22921166306695465 0.62158203125 0.0005399568034557236 0.0009765625
