0 0.6239588437040666 0.45166015625 0.0004899559039686428 0.0009765625
0 0.67687408133268 0.41748046875 0.0004899559039686428 0.0009765625
0 0.5681038706516414 0.42236328125 0.0004899559039686428 0.0009765625
0 0.5901518863302303 0.44482421875 0.0004899559039686428 0.0009765625
0 0.6415972562469378 0.62353515625 0.0004899559039686428 0.0009765625
0 0.6121999020088192 0.66064453125 0.0004899559039686428 0.0009765625
0 0.5808427241548261 0.66650390625 0.0004899559039686428 0.0009765625
0 0.5514453699167075 0.66259765625 0.0004899559039686428 0.0009765625
0 0.5220480156785889 0.66943359375 0.0004899559039686428 0.0009765625
0 0.4955903968642822 0.67529296875 0.0004899559039686428 0.0009765625
0 0.4681528662420382 0.67529296875 0.0004899559039686428 0.0009765625
0 0.4122978931896129 0.65966796875 0.0004899559039686428 0.0009765625
0 0.726359627633513 0.41162109375 0.0004899559039686428 0.0009765625
0 0.43924546790788827 0.66943359375 0.0004899559039686428 0.0009765625
0 0.7415482606565409 0.56689453125 0.0004899559039686428 0.0009765625
0 0.2172954434100931 0.42333984375 0.0004899559039686428 0.0009765625
0 0.26482116609505146 0.42138671875 0.0004899559039686428 0.0009765625
0 0.32998530132288095 0.44482421875 0.0004899559039686428 0.0009765625
0 0.3662420382165605 0.43017578125 0.0004899559039686428 0.0009765625
0 0.39220970112689857 0.43408203125 0.0004899559039686428 0.0009765625
0 0.42944634982851543 0.41455078125 0.0004899559039686428 0.0009765625
0 0.458843704066634 0.44189453125 0.0004899559039686428 0.0009765625
0 0.5009799118079373 0.43017578125 0.0004899559039686428 0.0009765625
0 0.5347868691817736 0.43017578125 0.0004899559039686428 0.0009765625
0 0.6950024497795199 0.59814453125 0.0004899559039686428 0.0009765625
0 0.37947084762371386 0.66748046875 0.0004899559039686428 0.0009765625
0 0.3412542871141597 0.65869140625 0.0004899559039686428 0.0009765625
0 0.24865262126408624 0.63623046875 0.0004899559039686428 0.0009765625
0 0.22170504654581089 0.59814453125 0.0004899559039686428 0.0009765625
