0 0.6450269475747182 0.44482421875 0.0004899559039686428 0.0009765625
0 0.5558549730524253 0.44970703125 0.0004899559039686428 0.0009765625
0 0.5705536501714845 0.47314453125 0.0004899559039686428 0.0009765625
0 0.5284174424301813 0.62255859375 0.0004899559039686428 0.0009765625
0 0.4867711905928466 0.61767578125 0.0004899559039686428 0.0009765625
0 0.4661930426261636 0.60595703125 0.0004899559039686428 0.0009765625
0 0.43973542381185693 0.61083984375 0.0004899559039686428 0.0009765625
0 0.4049485546300833 0.59521484375 0.0004899559039686428 0.0009765625
0 0.4196472317491426 0.60400390625 0.0004899559039686428 0.0009765625
0 0.246202841744243 0.41162109375 0.0004899559039686428 0.0009765625
0 0.2893189612934836 0.42431640625 0.0004899559039686428 0.0009765625
0 0.3343949044585987 0.43115234375 0.0004899559039686428 0.0009765625
0 0.36918177364037236 0.43115234375 0.0004899559039686428 0.0009765625
0 0.45443410093091624 0.43408203125 0.0004899559039686428 0.0009765625
0 0.5215580597746203 0.43408203125 0.0004899559039686428 0.0009765625
