0 0.664625183733464 0.39599609375 0.0004899559039686428 0.0009765625
0 0.7155805977462029 0.37353515625 0.0004899559039686428 0.0009765625
0 0.5749632533072023 0.37548828125 0.0004899559039686428 0.0009765625
0 0.6087702106810388 0.38916015625 0.0004899559039686428 0.0009765625
0 0.6121999020088192 0.61962890625 0.0004899559039686428 0.0009765625
0 0.5793728564429201 0.64111328125 0.0004899559039686428 0.0009765625
0 0.5494855463008329 0.65283203125 0.0004899559039686428 0.0009765625
0 0.515188633023028 0.65087890625 0.0004899559039686428 0.0009765625
0 0.4946104850563449 0.66259765625 0.0004899559039686428 0.0009765625
0 0.4691327780499755 0.65771484375 0.0004899559039686428 0.0009765625
0 0.38731014208721215 0.64599609375 0.0004899559039686428 0.0009765625
0 0.15997060264576188 0.50244140625 0.0004899559039686428 0.0009765625
0 0.7523272905438511 0.32763671875 0.0004899559039686428 0.0009765625
0 0.438265556099951 0.65576171875 0.0004899559039686428 0.0009765625
0 0.7425281724644782 0.52783203125 0.0004899559039686428 0.0009765625
0 0.1864282214600686 0.29736328125 0.0004899559039686428 0.0009765625
0 0.23297403233708966 0.33740234375 0.0004899559039686428 0.0009765625
0 0.307937285644292 0.37548828125 0.0004899559039686428 0.0009765625
0 0.3417442430181284 0.37255859375 0.0004899559039686428 0.0009765625
0 0.37457128858402744 0.38037109375 0.0004899559039686428 0.0009765625
0 0.410828025477707 0.41845703125 0.0004899559039686428 0.0009765625
0 0.44708476237138656 0.41455078125 0.0004899559039686428 0.0009765625
0 0.4916707496325331 0.42626953125 0.0004899559039686428 0.0009765625
0 0.5367466927976482 0.41943359375 0.0004899559039686428 0.0009765625
0 0.6861832435080842 0.58349609375 0.0004899559039686428 0.0009765625
0 0.35154336109750123 0.63525390625 0.0004899559039686428 0.0009765625
0 0.3064674179323861 0.61962890625 0.0004899559039686428 0.0009765625
0 0.2094561489465948 0.54931640625 0.0004899559039686428 0.0009765625
