0 0.6244487996080352 0.36083984375 0.0004899559039686428 0.0009765625
0 0.6572758451739343 0.38330078125 0.0004899559039686428 0.0009765625
0 0.7062714355707986 0.34716796875 0.0004899559039686428 0.0009765625
0 0.5509554140127388 0.32958984375 0.0004899559039686428 0.0009765625
0 0.5896619304262616 0.35107421875 0.0004899559039686428 0.0009765625
0 0.6156295933365997 0.55615234375 0.0004899559039686428 0.0009765625
0 0.582312591866732 0.56396484375 0.0004899559039686428 0.0009765625
0 0.5504654581087702 0.56396484375 0.0004899559039686428 0.0009765625
0 0.5186183243508085 0.56103515625 0.0004899559039686428 0.0009765625
0 0.4921607055365017 0.56201171875 0.0004899559039686428 0.0009765625
0 0.458843704066634 0.56396484375 0.0004899559039686428 0.0009765625
0 0.3990690837824596 0.57373046875 0.0004899559039686428 0.0009765625
0 0.43189612934835864 0.56689453125 0.0004899559039686428 0.0009765625
0 0.2413032827045566 0.38330078125 0.0004899559039686428 0.0009765625
0 0.287359137677609 0.39599609375 0.0004899559039686428 0.0009765625
0 0.3554630083292504 0.35986328125 0.0004899559039686428 0.0009765625
0 0.38486036256736894 0.35107421875 0.0004899559039686428 0.0009765625
0 0.3593826555609995 0.56591796875 0.0004899559039686428 0.0009765625
