0 0.609750122488976 0.31787109375 0.0004899559039686428 0.0009765625
0 0.6450269475747182 0.30224609375 0.0004899559039686428 0.0009765625
0 0.6999020088192063 0.27685546875 0.0004899559039686428 0.0009765625
0 0.575453209211171 0.29736328125 0.0004899559039686428 0.0009765625
0 0.6376776090151887 0.52783203125 0.0004899559039686428 0.0009765625
0 0.6068103870651641 0.55712890625 0.0004899559039686428 0.0009765625
0 0.5759431651151397 0.57958984375 0.0004899559039686428 0.0009765625
0 0.5573248407643312 0.61279296875 0.0004899559039686428 0.0009765625
0 0.5254777070063694 0.59423828125 0.0004899559039686428 0.0009765625
0 0.5122488975992161 0.61572265625 0.0004899559039686428 0.0009765625
0 0.48040176384125427 0.61181640625 0.0004899559039686428 0.0009765625
0 0.40249877511024007 0.62060546875 0.0004899559039686428 0.0009765625
0 0.16144047035766781 0.47509765625 0.0004899559039686428 0.0009765625
0 0.731749142577168 0.26318359375 0.0004899559039686428 0.0009765625
0 0.44463498285154335 0.62060546875 0.0004899559039686428 0.0009765625
0 0.7547770700636943 0.45263671875 0.0004899559039686428 0.0009765625
0 0.20210681038706516 0.28662109375 0.0004899559039686428 0.0009765625
0 0.2422831945124939 0.30126953125 0.0004899559039686428 0.0009765625
0 0.2976482116609505 0.35009765625 0.0004899559039686428 0.0009765625
0 0.35056344928956396 0.34716796875 0.0004899559039686428 0.0009765625
0 0.3843704066634003 0.32666015625 0.0004899559039686428 0.0009765625
0 0.4225869671729544 0.36865234375 0.0004899559039686428 0.0009765625
0 0.4563939245467908 0.35595703125 0.0004899559039686428 0.0009765625
0 0.5009799118079373 0.36083984375 0.0004899559039686428 0.0009765625
0 0.5406663400293974 0.34814453125 0.0004899559039686428 0.0009765625
0 0.6950024497795199 0.48193359375 0.0004899559039686428 0.0009765625
0 0.35154336109750123 0.59521484375 0.0004899559039686428 0.0009765625
0 0.32557569818716314 0.57177734375 0.0004899559039686428 0.0009765625
0 0.24816266536011758 0.55126953125 0.0004899559039686428 0.0009765625
0 0.1967172954434101 0.49853515625 0.0004899559039686428 0.0009765625
