0 0.6257953989231523 0.39111328125 0.0004894762604013706 0.0009765625
0 0.5954478707782672 0.36572265625 0.0004894762604013706 0.0009765625
0 0.6463534018600098 0.54345703125 0.0004894762604013706 0.0009765625
0 0.6018110621634851 0.55126953125 0.0004894762604013706 0.0009765625
0 0.5597161037689672 0.51904296875 0.0004894762604013706 0.0009765625
0 0.530347528144885 0.50244140625 0.0004894762604013706 0.0009765625
0 0.509300048947626 0.49853515625 0.0004894762604013706 0.0009765625
0 0.4750367107195301 0.50341796875 0.0004894762604013706 0.0009765625
0 0.43832599118942733 0.52880859375 0.0004894762604013706 0.0009765625
0 0.35952031326480666 0.34033203125 0.0004894762604013706 0.0009765625
0 0.39280469897209985 0.33251953125 0.0004894762604013706 0.0009765625
0 0.430004894762604 0.36083984375 0.0004894762604013706 0.0009765625
0 0.4632892804698972 0.37353515625 0.0004894762604013706 0.0009765625
0 0.5034263338228095 0.36376953125 0.0004894762604013706 0.0009765625
0 0.5440528634361234 0.38427734375 0.0004894762604013706 0.0009765625
0 0.6948115516397455 0.50634765625 0.0004894762604013706 0.0009765625
0 0.39916789035731765 0.52783203125 0.0004894762604013706 0.0009765625
0 0.3037200195790504 0.53173828125 0.0004894762604013706 0.0009765625
