0 0.6327780499755022 0.36279296875 0.0004899559039686428 0.0009765625
0 0.5720235178833905 0.36376953125 0.0004899559039686428 0.0009765625
0 0.6033806957373836 0.35302734375 0.0004899559039686428 0.0009765625
0 0.6474767270945615 0.61767578125 0.0004899559039686428 0.0009765625
0 0.604360607545321 0.60009765625 0.0004899559039686428 0.0009765625
0 0.5646741793238609 0.60498046875 0.0004899559039686428 0.0009765625
0 0.5264576188143067 0.61181640625 0.0004899559039686428 0.0009765625
0 0.4975502204801568 0.60498046875 0.0004899559039686428 0.0009765625
0 0.47746202841744245 0.61279296875 0.0004899559039686428 0.0009765625
0 0.45492405683488485 0.59521484375 0.0004899559039686428 0.0009765625
0 0.3882900538951494 0.60791015625 0.0004899559039686428 0.0009765625
0 0.13547280744732973 0.57470703125 0.0004899559039686428 0.0009765625
0 0.7092111709946105 0.33544921875 0.0004899559039686428 0.0009765625
0 0.42601665850073495 0.60302734375 0.0004899559039686428 0.0009765625
0 0.7297893189612935 0.54052734375 0.0004899559039686428 0.0009765625
0 0.22611464968152867 0.32470703125 0.0004899559039686428 0.0009765625
0 0.3314551690347869 0.34814453125 0.0004899559039686428 0.0009765625
0 0.36281234688878 0.36279296875 0.0004899559039686428 0.0009765625
0 0.3946594806467418 0.36376953125 0.0004899559039686428 0.0009765625
0 0.424546790788829 0.36572265625 0.0004899559039686428 0.0009765625
0 0.45247427731504164 0.37646484375 0.0004899559039686428 0.0009765625
0 0.5024497795198433 0.33837890625 0.0004899559039686428 0.0009765625
0 0.5377266046055855 0.38525390625 0.0004899559039686428 0.0009765625
0 0.6690347868691817 0.53857421875 0.0004899559039686428 0.0009765625
0 0.349093581577658 0.61474609375 0.0004899559039686428 0.0009765625
0 0.31185693287604116 0.61376953125 0.0004899559039686428 0.0009765625
0 0.24669279764821167 0.56591796875 0.0004899559039686428 0.0009765625
0 0.19475747182753553 0.54638671875 0.0004899559039686428 0.0009765625
