0 0.6283684468397844 0.32666015625 0.0004899559039686428 0.0009765625
0 0.7013718765311122 0.32470703125 0.0004899559039686428 0.0009765625
0 0.5646741793238609 0.33056640625 0.0004899559039686428 0.0009765625
0 0.6014208721215091 0.32470703125 0.0004899559039686428 0.0009765625
0 0.6464968152866242 0.56591796875 0.0004899559039686428 0.0009765625
0 0.6117099461048505 0.57666015625 0.0004899559039686428 0.0009765625
0 0.5788829005389515 0.57958984375 0.0004899559039686428 0.0009765625
0 0.5470357667809898 0.58935546875 0.0004899559039686428 0.0009765625
0 0.5215580597746203 0.59228515625 0.0004899559039686428 0.0009765625
0 0.5004899559039686 0.59716796875 0.0004899559039686428 0.0009765625
0 0.4745222929936306 0.59716796875 0.0004899559039686428 0.0009765625
0 0.4142577168054875 0.59716796875 0.0004899559039686428 0.0009765625
0 0.7449779519843214 0.32666015625 0.0004899559039686428 0.0009765625
0 0.44463498285154335 0.60205078125 0.0004899559039686428 0.0009765625
0 0.20112689857912788 0.36279296875 0.0004899559039686428 0.0009765625
0 0.2422831945124939 0.35107421875 0.0004899559039686428 0.0009765625
0 0.2878490935815777 0.37353515625 0.0004899559039686428 0.0009765625
0 0.33586477217050464 0.34326171875 0.0004899559039686428 0.0009765625
0 0.36281234688878 0.32958984375 0.0004899559039686428 0.0009765625
0 0.39269965703086723 0.33251953125 0.0004899559039686428 0.0009765625
0 0.42846643802057816 0.35107421875 0.0004899559039686428 0.0009765625
0 0.46031357177853993 0.32177734375 0.0004899559039686428 0.0009765625
0 0.5009799118079373 0.35302734375 0.0004899559039686428 0.0009765625
0 0.5382165605095541 0.36279296875 0.0004899559039686428 0.0009765625
0 0.697452229299363 0.53857421875 0.0004899559039686428 0.0009765625
0 0.3784909358157766 0.60205078125 0.0004899559039686428 0.0009765625
0 0.33782459578637924 0.60205078125 0.0004899559039686428 0.0009765625
0 0.18789808917197454 0.56689453125 0.0004899559039686428 0.0009765625
