0 0.6322880940715335 0.34814453125 0.0004899559039686428 0.0009765625
0 0.6631553160215581 0.36376953125 0.0004899559039686428 0.0009765625
0 0.712640862322391 0.31494140625 0.0004899559039686428 0.0009765625
0 0.5710436060754532 0.30712890625 0.0004899559039686428 0.0009765625
0 0.6004409603135717 0.34521484375 0.0004899559039686428 0.0009765625
0 0.6317981381675649 0.53564453125 0.0004899559039686428 0.0009765625
0 0.6019108280254777 0.56982421875 0.0004899559039686428 0.0009765625
0 0.5774130328270456 0.59423828125 0.0004899559039686428 0.0009765625
0 0.5450759431651151 0.60107421875 0.0004899559039686428 0.0009765625
0 0.5176384125428711 0.61962890625 0.0004899559039686428 0.0009765625
0 0.49069083782459577 0.62841796875 0.0004899559039686428 0.0009765625
0 0.465703086722195 0.62548828125 0.0004899559039686428 0.0009765625
0 0.3799608035276825 0.60009765625 0.0004899559039686428 0.0009765625
0 0.17662910338069573 0.41943359375 0.0004899559039686428 0.0009765625
0 0.7474277315041646 0.31396484375 0.0004899559039686428 0.0009765625
0 0.4348358647721705 0.59716796875 0.0004899559039686428 0.0009765625
0 0.7346888780009799 0.45654296875 0.0004899559039686428 0.0009765625
0 0.2084762371386575 0.24267578125 0.0004899559039686428 0.0009765625
0 0.24424301812836843 0.29150390625 0.0004899559039686428 0.0009765625
0 0.2927486526212641 0.31005859375 0.0004899559039686428 0.0009765625
0 0.3339049485546301 0.30517578125 0.0004899559039686428 0.0009765625
0 0.36183243508084273 0.31396484375 0.0004899559039686428 0.0009765625
0 0.397109260166585 0.31494140625 0.0004899559039686428 0.0009765625
0 0.43434590886820185 0.34814453125 0.0004899559039686428 0.0009765625
0 0.46864282214600683 0.36279296875 0.0004899559039686428 0.0009765625
0 0.5048995590396864 0.38037109375 0.0004899559039686428 0.0009765625
0 0.5426261636452719 0.39111328125 0.0004899559039686428 0.0009765625
0 0.692062714355708 0.50537109375 0.0004899559039686428 0.0009765625
0 0.35154336109750123 0.59228515625 0.0004899559039686428 0.0009765625
0 0.31185693287604116 0.57373046875 0.0004899559039686428 0.0009765625
0 0.2633512983831455 0.53076171875 0.0004899559039686428 0.0009765625
0 0.24326310632043116 0.51025390625 0.0004899559039686428 0.0009765625
