0 0.628858402743753 0.38525390625 0.0004899559039686428 0.0009765625
0 0.664625183733464 0.38623046875 0.0004899559039686428 0.0009765625
0 0.7150906418422343 0.33740234375 0.0004899559039686428 0.0009765625
0 0.5676139147476728 0.34716796875 0.0004899559039686428 0.0009765625
0 0.5979911807937286 0.38623046875 0.0004899559039686428 0.0009765625
0 0.6131798138167565 0.59912109375 0.0004899559039686428 0.0009765625
0 0.5847623713865752 0.61474609375 0.0004899559039686428 0.0009765625
0 0.5519353258206762 0.61767578125 0.0004899559039686428 0.0009765625
0 0.5215580597746203 0.63037109375 0.0004899559039686428 0.0009765625
0 0.5004899559039686 0.63232421875 0.0004899559039686428 0.0009765625
0 0.4745222929936306 0.63525390625 0.0004899559039686428 0.0009765625
0 0.41278784909358157 0.63037109375 0.0004899559039686428 0.0009765625
0 0.17907888290053894 0.51318359375 0.0004899559039686428 0.0009765625
0 0.7410583047525723 0.27685546875 0.0004899559039686428 0.0009765625
0 0.4456148946594806 0.64111328125 0.0004899559039686428 0.0009765625
0 0.733219010289074 0.52294921875 0.0004899559039686428 0.0009765625
0 0.2275845173934346 0.33056640625 0.0004899559039686428 0.0009765625
0 0.2721705046545811 0.38330078125 0.0004899559039686428 0.0009765625
0 0.3182263596276335 0.38134765625 0.0004899559039686428 0.0009765625
0 0.34615384615384615 0.39599609375 0.0004899559039686428 0.0009765625
0 0.38241058304752573 0.37353515625 0.0004899559039686428 0.0009765625
0 0.417687408133268 0.39306640625 0.0004899559039686428 0.0009765625
0 0.44708476237138656 0.36572265625 0.0004899559039686428 0.0009765625
0 0.4916707496325331 0.38037109375 0.0004899559039686428 0.0009765625
0 0.534296913277805 0.38916015625 0.0004899559039686428 0.0009765625
0 0.37702106810387065 0.62841796875 0.0004899559039686428 0.0009765625
0 0.33341499265066143 0.61181640625 0.0004899559039686428 0.0009765625
0 0.21337579617834396 0.56591796875 0.0004899559039686428 0.0009765625
