0 0.6327780499755022 0.35009765625 0.0004899559039686428 0.0009765625
0 0.6656050955414012 0.35791015625 0.0004899559039686428 0.0009765625
0 0.7101910828025477 0.33740234375 0.0004899559039686428 0.0009765625
0 0.5661440470357668 0.35107421875 0.0004899559039686428 0.0009765625
0 0.6009309162175405 0.36865234375 0.0004899559039686428 0.0009765625
0 0.6528662420382165 0.56201171875 0.0004899559039686428 0.0009765625
0 0.6170994610485057 0.60009765625 0.0004899559039686428 0.0009765625
0 0.5803527682508575 0.60986328125 0.0004899559039686428 0.0009765625
0 0.5494855463008329 0.60693359375 0.0004899559039686428 0.0009765625
0 0.5176384125428711 0.60986328125 0.0004899559039686428 0.0009765625
0 0.4916707496325331 0.60498046875 0.0004899559039686428 0.0009765625
0 0.4661930426261636 0.61279296875 0.0004899559039686428 0.0009765625
0 0.4015188633023028 0.60791015625 0.0004899559039686428 0.0009765625
0 0.4348358647721705 0.60986328125 0.0004899559039686428 0.0009765625
0 0.2138657520823126 0.32275390625 0.0004899559039686428 0.0009765625
0 0.26825085742283195 0.34716796875 0.0004899559039686428 0.0009765625
0 0.31724644781969624 0.35595703125 0.0004899559039686428 0.0009765625
0 0.35056344928956396 0.34033203125 0.0004899559039686428 0.0009765625
0 0.3799608035276825 0.35302734375 0.0004899559039686428 0.0009765625
0 0.4186673199412053 0.36767578125 0.0004899559039686428 0.0009765625
0 0.45247427731504164 0.38037109375 0.0004899559039686428 0.0009765625
0 0.4955903968642822 0.37353515625 0.0004899559039686428 0.0009765625
0 0.5318471337579618 0.37646484375 0.0004899559039686428 0.0009765625
0 0.7013718765311122 0.53564453125 0.0004899559039686428 0.0009765625
0 0.3677119059284664 0.60498046875 0.0004899559039686428 0.0009765625
0 0.3108770210681039 0.59912109375 0.0004899559039686428 0.0009765625
0 0.23934345908868201 0.55615234375 0.0004899559039686428 0.0009765625
0 0.1991670749632533 0.52880859375 0.0004899559039686428 0.0009765625
