0 0.6504164625183734 0.38330078125 0.0004899559039686428 0.0009765625
0 0.6896129348358647 0.35009765625 0.0004899559039686428 0.0009765625
0 0.7381185693287604 0.33740234375 0.0004899559039686428 0.0009765625
0 0.5911317981381675 0.36767578125 0.0004899559039686428 0.0009765625
0 0.6567858892699657 0.57861328125 0.0004899559039686428 0.0009765625
0 0.6224889759921607 0.60498046875 0.0004899559039686428 0.0009765625
0 0.5886820186183244 0.62841796875 0.0004899559039686428 0.0009765625
0 0.5558549730524253 0.61767578125 0.0004899559039686428 0.0009765625
0 0.5240078392944635 0.61181640625 0.0004899559039686428 0.0009765625
0 0.4941205291523763 0.60205078125 0.0004899559039686428 0.0009765625
0 0.46766291033806956 0.60791015625 0.0004899559039686428 0.0009765625
0 0.3985791278784909 0.60205078125 0.0004899559039686428 0.0009765625
0 0.1511513963743263 0.47802734375 0.0004899559039686428 0.0009765625
0 0.7714355707986281 0.33251953125 0.0004899559039686428 0.0009765625
0 0.4358157765801078 0.60791015625 0.0004899559039686428 0.0009765625
0 0.7714355707986281 0.51025390625 0.0004899559039686428 0.0009765625
0 0.15213130818226359 0.29736328125 0.0004899559039686428 0.0009765625
0 0.20504654581087703 0.30224609375 0.0004899559039686428 0.0009765625
0 0.25355218030377263 0.32470703125 0.0004899559039686428 0.0009765625
0 0.30450759431651153 0.34326171875 0.0004899559039686428 0.0009765625
0 0.34370406663400294 0.34521484375 0.0004899559039686428 0.0009765625
0 0.37702106810387065 0.35791015625 0.0004899559039686428 0.0009765625
0 0.4191572758451739 0.37548828125 0.0004899559039686428 0.0009765625
0 0.4563939245467908 0.35595703125 0.0004899559039686428 0.0009765625
0 0.5044096031357178 0.38330078125 0.0004899559039686428 0.0009765625
0 0.5543851053405193 0.39892578125 0.0004899559039686428 0.0009765625
0 0.718030377266046 0.54833984375 0.0004899559039686428 0.0009765625
0 0.36281234688878 0.59521484375 0.0004899559039686428 0.0009765625
0 0.3270455658990691 0.56982421875 0.0004899559039686428 0.0009765625
0 0.1839784419402254 0.51318359375 0.0004899559039686428 0.0009765625
