0 0.6420872121509065 0.41748046875 0.0004899559039686428 0.0009765625
0 0.6817736403723665 0.38720703125 0.0004899559039686428 0.0009765625
0 0.5720235178833905 0.37060546875 0.0004899559039686428 0.0009765625
0 0.60828025477707 0.38427734375 0.0004899559039686428 0.0009765625
0 0.6244487996080352 0.62255859375 0.0004899559039686428 0.0009765625
0 0.5587947084762371 0.62353515625 0.0004899559039686428 0.0009765625
0 0.5279274865262127 0.63623046875 0.0004899559039686428 0.0009765625
0 0.4975502204801568 0.64306640625 0.0004899559039686428 0.0009765625
0 0.47305242528172464 0.63916015625 0.0004899559039686428 0.0009765625
0 0.41376776090151884 0.63623046875 0.0004899559039686428 0.0009765625
0 0.18201861832435082 0.53857421875 0.0004899559039686428 0.0009765625
0 0.7273395394414502 0.38330078125 0.0004899559039686428 0.0009765625
0 0.4456148946594806 0.63623046875 0.0004899559039686428 0.0009765625
0 0.21484566389024987 0.35400390625 0.0004899559039686428 0.0009765625
0 0.2589416952474277 0.37548828125 0.0004899559039686428 0.0009765625
0 0.33047525722684956 0.38623046875 0.0004899559039686428 0.0009765625
0 0.3623223909848114 0.39111328125 0.0004899559039686428 0.0009765625
0 0.3990690837824596 0.36962890625 0.0004899559039686428 0.0009765625
0 0.43434590886820185 0.40380859375 0.0004899559039686428 0.0009765625
0 0.465703086722195 0.41552734375 0.0004899559039686428 0.0009765625
0 0.5019598236158745 0.41552734375 0.0004899559039686428 0.0009765625
0 0.541156295933366 0.40771484375 0.0004899559039686428 0.0009765625
0 0.3750612444879961 0.63720703125 0.0004899559039686428 0.0009765625
0 0.3265556099951004 0.62841796875 0.0004899559039686428 0.0009765625
0 0.26482116609505146 0.59716796875 0.0004899559039686428 0.0009765625
