0 0.6401273885350318 0.35595703125 0.0004899559039686428 0.0009765625
0 0.6807937285644292 0.37158203125 0.0004899559039686428 0.0009765625
0 0.7268495835374816 0.36962890625 0.0004899559039686428 0.0009765625
0 0.5842724154826066 0.35009765625 0.0004899559039686428 0.0009765625
0 0.6175894169524743 0.35595703125 0.0004899559039686428 0.0009765625
0 0.6602155805977462 0.57470703125 0.0004899559039686428 0.0009765625
0 0.6254287114159726 0.61181640625 0.0004899559039686428 0.0009765625
0 0.5926016658500735 0.63623046875 0.0004899559039686428 0.0009765625
0 0.5553650171484567 0.64599609375 0.0004899559039686428 0.0009765625
0 0.5264576188143067 0.66064453125 0.0004899559039686428 0.0009765625
0 0.4955903968642822 0.66845703125 0.0004899559039686428 0.0009765625
0 0.46766291033806956 0.66845703125 0.0004899559039686428 0.0009765625
0 0.39073983341499263 0.66259765625 0.0004899559039686428 0.0009765625
0 0.1682998530132288 0.51806640625 0.0004899559039686428 0.0009765625
0 0.733219010289074 0.24755859375 0.0004899559039686428 0.0009765625
0 0.43630573248407645 0.67431640625 0.0004899559039686428 0.0009765625
0 0.77437530622244 0.50244140625 0.0004899559039686428 0.0009765625
0 0.22121509064184222 0.23681640625 0.0004899559039686428 0.0009765625
0 0.21141597256246938 0.32470703125 0.0004899559039686428 0.0009765625
0 0.25992160705536504 0.35400390625 0.0004899559039686428 0.0009765625
0 0.307937285644292 0.36083984375 0.0004899559039686428 0.0009765625
0 0.34321411073003427 0.37353515625 0.0004899559039686428 0.0009765625
0 0.3799608035276825 0.37548828125 0.0004899559039686428 0.0009765625
0 0.4191572758451739 0.40966796875 0.0004899559039686428 0.0009765625
0 0.458843704066634 0.40087890625 0.0004899559039686428 0.0009765625
0 0.5039196472317491 0.39306640625 0.0004899559039686428 0.0009765625
0 0.548015678588927 0.42041015625 0.0004899559039686428 0.0009765625
0 0.7204801567858893 0.53369140625 0.0004899559039686428 0.0009765625
0 0.349093581577658 0.64208984375 0.0004899559039686428 0.0009765625
0 0.30450759431651153 0.62158203125 0.0004899559039686428 0.0009765625
0 0.23934345908868201 0.58544921875 0.0004899559039686428 0.0009765625
0 0.1839784419402254 0.53759765625 0.0004899559039686428 0.0009765625
