0 0.60828025477707 0.40185546875 0.0004899559039686428 0.0009765625
0 0.6435570798628123 0.38427734375 0.0004899559039686428 0.0009765625
0 0.6940225379715825 0.38916015625 0.0004899559039686428 0.0009765625
0 0.5519353258206762 0.38232421875 0.0004899559039686428 0.0009765625
0 0.5803527682508575 0.38916015625 0.0004899559039686428 0.0009765625
0 0.6092601665850074 0.60009765625 0.0004899559039686428 0.0009765625
0 0.582312591866732 0.62255859375 0.0004899559039686428 0.0009765625
0 0.5499755022048015 0.63134765625 0.0004899559039686428 0.0009765625
0 0.5156785889269966 0.63427734375 0.0004899559039686428 0.0009765625
0 0.4887310142087212 0.64794921875 0.0004899559039686428 0.0009765625
0 0.46276335129838314 0.66259765625 0.0004899559039686428 0.0009765625
0 0.44463498285154335 0.64599609375 0.0004899559039686428 0.0009765625
0 0.3878000979911808 0.64501953125 0.0004899559039686428 0.0009765625
0 0.18789808917197454 0.55419921875 0.0004899559039686428 0.0009765625
0 0.42356687898089174 0.64501953125 0.0004899559039686428 0.0009765625
0 0.7121509064184224 0.53662109375 0.0004899559039686428 0.0009765625
0 0.19867711905928467 0.38427734375 0.0004899559039686428 0.0009765625
0 0.2413032827045566 0.39599609375 0.0004899559039686428 0.0009765625
0 0.2878490935815777 0.40673828125 0.0004899559039686428 0.0009765625
0 0.3343949044585987 0.41552734375 0.0004899559039686428 0.0009765625
0 0.36428221460068594 0.40869140625 0.0004899559039686428 0.0009765625
0 0.3912297893189613 0.39794921875 0.0004899559039686428 0.0009765625
0 0.424546790788829 0.42724609375 0.0004899559039686428 0.0009765625
0 0.4505144536991671 0.42431640625 0.0004899559039686428 0.0009765625
0 0.48775110240078395 0.42041015625 0.0004899559039686428 0.0009765625
0 0.5191082802547771 0.42626953125 0.0004899559039686428 0.0009765625
0 0.6513963743263106 0.57568359375 0.0004899559039686428 0.0009765625
0 0.3574228319451249 0.63818359375 0.0004899559039686428 0.0009765625
0 0.33047525722684956 0.62744140625 0.0004899559039686428 0.0009765625
0 0.2795198432141107 0.61083984375 0.0004899559039686428 0.0009765625
0 0.23542381185693287 0.59228515625 0.0004899559039686428 0.0009765625
