0 0.6195492405683488 0.26123046875 0.0004899559039686428 0.0009765625
0 0.7101910828025477 0.23486328125 0.0004899559039686428 0.0009765625
0 0.5436060754532092 0.24560546875 0.0004899559039686428 0.0009765625
0 0.5832925036746692 0.23974609375 0.0004899559039686428 0.0009765625
0 0.649436550710436 0.49267578125 0.0004899559039686428 0.0009765625
0 0.6058304752572269 0.53173828125 0.0004899559039686428 0.0009765625
0 0.5690837824595787 0.55322265625 0.0004899559039686428 0.0009765625
0 0.5338069573738363 0.55029296875 0.0004899559039686428 0.0009765625
0 0.5014698677119059 0.55322265625 0.0004899559039686428 0.0009765625
0 0.47501224889759924 0.55615234375 0.0004899559039686428 0.0009765625
0 0.44463498285154335 0.55322265625 0.0004899559039686428 0.0009765625
0 0.3799608035276825 0.55517578125 0.0004899559039686428 0.0009765625
0 0.1462518373346399 0.47900390625 0.0004899559039686428 0.0009765625
0 0.759186673199412 0.21728515625 0.0004899559039686428 0.0009765625
0 0.41474767270945617 0.55615234375 0.0004899559039686428 0.0009765625
0 0.7665360117589417 0.41455078125 0.0004899559039686428 0.0009765625
0 0.1957373836354728 0.27099609375 0.0004899559039686428 0.0009765625
0 0.22856442920137188 0.28173828125 0.0004899559039686428 0.0009765625
0 0.307937285644292 0.29443359375 0.0004899559039686428 0.0009765625
0 0.3397844194022538 0.30029296875 0.0004899559039686428 0.0009765625
0 0.3706516413522783 0.28564453125 0.0004899559039686428 0.0009765625
0 0.40249877511024007 0.29248046875 0.0004899559039686428 0.0009765625
0 0.43434590886820185 0.28271484375 0.0004899559039686428 0.0009765625
0 0.47207251347378737 0.27197265625 0.0004899559039686428 0.0009765625
0 0.5078392944634983 0.25048828125 0.0004899559039686428 0.0009765625
0 0.7048015678588927 0.46728515625 0.0004899559039686428 0.0009765625
0 0.34076433121019106 0.54345703125 0.0004899559039686428 0.0009765625
0 0.307937285644292 0.53759765625 0.0004899559039686428 0.0009765625
0 0.1854483096521313 0.51123046875 0.0004899559039686428 0.0009765625
