0 0.5911317981381675 0.32177734375 0.0004899559039686428 0.0009765625
0 0.5896619304262616 0.59033203125 0.0004899559039686428 0.0009765625
0 0.5514453699167075 0.56298828125 0.0004899559039686428 0.0009765625
0 0.5230279274865263 0.57958984375 0.0004899559039686428 0.0009765625
0 0.5048995590396864 0.57763671875 0.0004899559039686428 0.0009765625
0 0.4769720725134738 0.57568359375 0.0004899559039686428 0.0009765625
0 0.4152376286134248 0.55810546875 0.0004899559039686428 0.0009765625
0 0.6871631553160216 0.50341796875 0.0004899559039686428 0.0009765625
0 0.21582557569818717 0.31591796875 0.0004899559039686428 0.0009765625
0 0.3946594806467418 0.29248046875 0.0004899559039686428 0.0009765625
0 0.44953454189122977 0.34130859375 0.0004899559039686428 0.0009765625
0 0.4828515433610975 0.35888671875 0.0004899559039686428 0.0009765625
0 0.5244977951984321 0.34326171875 0.0004899559039686428 0.0009765625
0 0.5607545320921117 0.35595703125 0.0004899559039686428 0.0009765625
0 0.38241058304752573 0.54443359375 0.0004899559039686428 0.0009765625
0 0.34370406663400294 0.54443359375 0.0004899559039686428 0.0009765625
