0 0.6224889759921607 0.28857421875 0.0004899559039686428 0.0009765625
0 0.6729544341009309 0.26904296875 0.0004899559039686428 0.0009765625
0 0.5744732974032337 0.29248046875 0.0004899559039686428 0.0009765625
0 0.6004409603135717 0.30908203125 0.0004899559039686428 0.0009765625
0 0.6533561979421852 0.53955078125 0.0004899559039686428 0.0009765625
0 0.6200391964723175 0.57373046875 0.0004899559039686428 0.0009765625
0 0.5926016658500735 0.59912109375 0.0004899559039686428 0.0009765625
0 0.5651641352278295 0.60400390625 0.0004899559039686428 0.0009765625
0 0.5328270455658991 0.61767578125 0.0004899559039686428 0.0009765625
0 0.5024497795198433 0.61181640625 0.0004899559039686428 0.0009765625
0 0.4715825575698187 0.60986328125 0.0004899559039686428 0.0009765625
0 0.40249877511024007 0.59423828125 0.0004899559039686428 0.0009765625
0 0.15507104360607546 0.49560546875 0.0004899559039686428 0.0009765625
0 0.719500244977952 0.26513671875 0.0004899559039686428 0.0009765625
0 0.44120529152376287 0.60595703125 0.0004899559039686428 0.0009765625
0 0.7635962763351298 0.50537109375 0.0004899559039686428 0.0009765625
0 0.20749632533072024 0.26318359375 0.0004899559039686428 0.0009765625
0 0.24277315041646252 0.26318359375 0.0004899559039686428 0.0009765625
0 0.287359137677609 0.29736328125 0.0004899559039686428 0.0009765625
0 0.3343949044585987 0.31494140625 0.0004899559039686428 0.0009765625
0 0.3652621264086232 0.31884765625 0.0004899559039686428 0.0009765625
0 0.39269965703086723 0.29052734375 0.0004899559039686428 0.0009765625
0 0.4255267025967663 0.34423828125 0.0004899559039686428 0.0009765625
0 0.45982361587457127 0.33251953125 0.0004899559039686428 0.0009765625
0 0.49951004409603134 0.34033203125 0.0004899559039686428 0.0009765625
0 0.5269475747182754 0.33056640625 0.0004899559039686428 0.0009765625
0 0.7048015678588927 0.49951171875 0.0004899559039686428 0.0009765625
0 0.35840274375306225 0.59033203125 0.0004899559039686428 0.0009765625
0 0.3206761391474767 0.57275390625 0.0004899559039686428 0.0009765625
0 0.25453209211170996 0.54443359375 0.0004899559039686428 0.0009765625
0 0.20210681038706516 0.50537109375 0.0004899559039686428 0.0009765625
