0 0.5950514453699167 0.34619140625 0.0004899559039686428 0.0009765625
0 0.6293483586477217 0.34619140625 0.0004899559039686428 0.0009765625
0 0.6754042136207742 0.31982421875 0.0004899559039686428 0.0009765625
0 0.5695737383635473 0.35205078125 0.0004899559039686428 0.0009765625
0 0.609750122488976 0.60791015625 0.0004899559039686428 0.0009765625
0 0.5744732974032337 0.60595703125 0.0004899559039686428 0.0009765625
0 0.548015678588927 0.61962890625 0.0004899559039686428 0.0009765625
0 0.5200881920627144 0.62353515625 0.0004899559039686428 0.0009765625
0 0.4965703086722195 0.63427734375 0.0004899559039686428 0.0009765625
0 0.47501224889759924 0.63134765625 0.0004899559039686428 0.0009765625
0 0.4191572758451739 0.63134765625 0.0004899559039686428 0.0009765625
0 0.13792258696717297 0.52978515625 0.0004899559039686428 0.0009765625
0 0.7131308182263596 0.29248046875 0.0004899559039686428 0.0009765625
0 0.4475747182753552 0.62353515625 0.0004899559039686428 0.0009765625
0 0.7273395394414502 0.52978515625 0.0004899559039686428 0.0009765625
0 0.22023517883390495 0.28564453125 0.0004899559039686428 0.0009765625
0 0.26286134247917686 0.30126953125 0.0004899559039686428 0.0009765625
0 0.30499755022048014 0.33935546875 0.0004899559039686428 0.0009765625
0 0.37114159725624696 0.36474609375 0.0004899559039686428 0.0009765625
0 0.40445859872611467 0.38037109375 0.0004899559039686428 0.0009765625
0 0.4372856442920137 0.36474609375 0.0004899559039686428 0.0009765625
0 0.46864282214600683 0.36669921875 0.0004899559039686428 0.0009765625
0 0.5083292503674669 0.36279296875 0.0004899559039686428 0.0009765625
0 0.5318471337579618 0.36279296875 0.0004899559039686428 0.0009765625
0 0.671484566389025 0.55322265625 0.0004899559039686428 0.0009765625
0 0.3887800097991181 0.62548828125 0.0004899559039686428 0.0009765625
0 0.3206761391474767 0.60595703125 0.0004899559039686428 0.0009765625
0 0.2746202841744243 0.56591796875 0.0004899559039686428 0.0009765625
0 0.21239588437040666 0.53173828125 0.0004899559039686428 0.0009765625
