0 0.7258696717295443 0.37548828125 0.0004899559039686428 0.0009765625
0 0.5779029887310142 0.33740234375 0.0004899559039686428 0.0009765625
0 0.6092601665850074 0.35009765625 0.0004899559039686428 0.0009765625
0 0.6058304752572269 0.61279296875 0.0004899559039686428 0.0009765625
0 0.5808427241548261 0.62548828125 0.0004899559039686428 0.0009765625
0 0.5450759431651151 0.64208984375 0.0004899559039686428 0.0009765625
0 0.5298873101420872 0.61474609375 0.0004899559039686428 0.0009765625
0 0.5048995590396864 0.62939453125 0.0004899559039686428 0.0009765625
0 0.4764821166095051 0.62744140625 0.0004899559039686428 0.0009765625
0 0.40543851053405194 0.62841796875 0.0004899559039686428 0.0009765625
0 0.4480646741793239 0.62548828125 0.0004899559039686428 0.0009765625
0 0.22464478196962273 0.34326171875 0.0004899559039686428 0.0009765625
0 0.3471337579617834 0.33251953125 0.0004899559039686428 0.0009765625
0 0.38290053895149434 0.31982421875 0.0004899559039686428 0.0009765625
0 0.42062714355707986 0.35205078125 0.0004899559039686428 0.0009765625
0 0.45492405683488485 0.35888671875 0.0004899559039686428 0.0009765625
0 0.5009799118079373 0.37353515625 0.0004899559039686428 0.0009765625
0 0.5436060754532092 0.35888671875 0.0004899559039686428 0.0009765625
0 0.3731014208721215 0.62548828125 0.0004899559039686428 0.0009765625
0 0.3314551690347869 0.60205078125 0.0004899559039686428 0.0009765625
0 0.28098971092601666 0.57958984375 0.0004899559039686428 0.0009765625
