0 0.6474767270945615 0.32861328125 0.0004899559039686428 0.0009765625
0 0.6798138167564919 0.35009765625 0.0004899559039686428 0.0009765625
0 0.7307692307692307 0.33740234375 0.0004899559039686428 0.0009765625
0 0.5832925036746692 0.28369140625 0.0004899559039686428 0.0009765625
0 0.6185693287604116 0.33935546875 0.0004899559039686428 0.0009765625
0 0.6709946104850564 0.55126953125 0.0004899559039686428 0.0009765625
0 0.6371876531112199 0.56005859375 0.0004899559039686428 0.0009765625
0 0.5989710926016658 0.55322265625 0.0004899559039686428 0.0009765625
0 0.5651641352278295 0.53759765625 0.0004899559039686428 0.0009765625
0 0.5308672219500244 0.53955078125 0.0004899559039686428 0.0009765625
0 0.5058794708476237 0.53955078125 0.0004899559039686428 0.0009765625
0 0.46962273395394416 0.53955078125 0.0004899559039686428 0.0009765625
0 0.40102890739833413 0.52978515625 0.0004899559039686428 0.0009765625
0 0.14429201371876532 0.53173828125 0.0004899559039686428 0.0009765625
0 0.7768250857422832 0.33935546875 0.0004899559039686428 0.0009765625
0 0.4431651151396374 0.53173828125 0.0004899559039686428 0.0009765625
0 0.7876041156295933 0.56103515625 0.0004899559039686428 0.0009765625
0 0.1839784419402254 0.30712890625 0.0004899559039686428 0.0009765625
0 0.2275845173934346 0.31201171875 0.0004899559039686428 0.0009765625
0 0.27511024007839296 0.34814453125 0.0004899559039686428 0.0009765625
0 0.3187163155316022 0.30517578125 0.0004899559039686428 0.0009765625
0 0.3368446839784419 0.29248046875 0.0004899559039686428 0.0009765625
0 0.3682018618324351 0.28369140625 0.0004899559039686428 0.0009765625
0 0.41278784909358157 0.30322265625 0.0004899559039686428 0.0009765625
0 0.45247427731504164 0.33544921875 0.0004899559039686428 0.0009765625
0 0.5029397354238119 0.33740234375 0.0004899559039686428 0.0009765625
0 0.5470357667809898 0.31591796875 0.0004899559039686428 0.0009765625
0 0.727829495345419 0.53564453125 0.0004899559039686428 0.0009765625
0 0.3682018618324351 0.53955078125 0.0004899559039686428 0.0009765625
0 0.32753552180303774 0.54638671875 0.0004899559039686428 0.0009765625
0 0.27070063694267515 0.52978515625 0.0004899559039686428 0.0009765625
0 0.21582557569818717 0.51611328125 0.0004899559039686428 0.0009765625
