0 0.6469867711905929 0.29931640625 0.0004899559039686428 0.0009765625
0 0.6817736403723665 0.25830078125 0.0004899559039686428 0.0009765625
0 0.7288094071533562 0.23583984375 0.0004899559039686428 0.0009765625
0 0.5793728564429201 0.24365234375 0.0004899559039686428 0.0009765625
0 0.6131798138167565 0.28955078125 0.0004899559039686428 0.0009765625
0 0.6656050955414012 0.48876953125 0.0004899559039686428 0.0009765625
0 0.6264086232239099 0.51708984375 0.0004899559039686428 0.0009765625
0 0.5945614894659481 0.54248046875 0.0004899559039686428 0.0009765625
0 0.561734443900049 0.54833984375 0.0004899559039686428 0.0009765625
0 0.5264576188143067 0.53955078125 0.0004899559039686428 0.0009765625
0 0.5019598236158745 0.55517578125 0.0004899559039686428 0.0009765625
0 0.4769720725134738 0.55224609375 0.0004899559039686428 0.0009765625
0 0.3853503184713376 0.56396484375 0.0004899559039686428 0.0009765625
0 0.16682998530132287 0.41552734375 0.0004899559039686428 0.0009765625
0 0.7552670259676629 0.20068359375 0.0004899559039686428 0.0009765625
0 0.445124938755512 0.54736328125 0.0004899559039686428 0.0009765625
0 0.7822146006859383 0.43408203125 0.0004899559039686428 0.0009765625
0 0.1967172954434101 0.21826171875 0.0004899559039686428 0.0009765625
0 0.23150416462518372 0.23486328125 0.0004899559039686428 0.0009765625
0 0.27511024007839296 0.25732421875 0.0004899559039686428 0.0009765625
0 0.3241058304752572 0.27587890625 0.0004899559039686428 0.0009765625
0 0.35595296423321904 0.29052734375 0.0004899559039686428 0.0009765625
0 0.39220970112689857 0.26025390625 0.0004899559039686428 0.0009765625
0 0.4323860852523273 0.28271484375 0.0004899559039686428 0.0009765625
0 0.4681528662420382 0.24072265625 0.0004899559039686428 0.0009765625
0 0.506859382655561 0.23681640625 0.0004899559039686428 0.0009765625
0 0.5475257226849584 0.28369140625 0.0004899559039686428 0.0009765625
0 0.7199902008819207 0.44580078125 0.0004899559039686428 0.0009765625
0 0.35987261146496813 0.53955078125 0.0004899559039686428 0.0009765625
0 0.3108770210681039 0.52099609375 0.0004899559039686428 0.0009765625
0 0.2589416952474277 0.48974609375 0.0004899559039686428 0.0009765625
0 0.19083782459578638 0.44677734375 0.0004899559039686428 0.0009765625
