0 0.6474767270945615 0.30615234375 0.0004899559039686428 0.0009765625
0 0.6827535521803038 0.30615234375 0.0004899559039686428 0.0009765625
0 0.7351788339049485 0.26123046875 0.0004899559039686428 0.0009765625
0 0.5730034296913278 0.26806640625 0.0004899559039686428 0.0009765625
0 0.6102400783929446 0.31103515625 0.0004899559039686428 0.0009765625
0 0.6773640372366487 0.51904296875 0.0004899559039686428 0.0009765625
0 0.6357177853993141 0.53857421875 0.0004899559039686428 0.0009765625
0 0.5945614894659481 0.54638671875 0.0004899559039686428 0.0009765625
0 0.5602645761881431 0.54345703125 0.0004899559039686428 0.0009765625
0 0.5293973542381186 0.56005859375 0.0004899559039686428 0.0009765625
0 0.5034296913277805 0.56982421875 0.0004899559039686428 0.0009765625
0 0.4769720725134738 0.57275390625 0.0004899559039686428 0.0009765625
0 0.4069083782459579 0.55322265625 0.0004899559039686428 0.0009765625
0 0.15213130818226359 0.47509765625 0.0004899559039686428 0.0009765625
0 0.7738853503184714 0.26318359375 0.0004899559039686428 0.0009765625
0 0.44904458598726116 0.56884765625 0.0004899559039686428 0.0009765625
0 0.7836844683978442 0.46630859375 0.0004899559039686428 0.0009765625
0 0.16438020578147966 0.28857421875 0.0004899559039686428 0.0009765625
0 0.2094561489465948 0.28369140625 0.0004899559039686428 0.0009765625
0 0.2609015188633023 0.30712890625 0.0004899559039686428 0.0009765625
0 0.31773640372366485 0.32275390625 0.0004899559039686428 0.0009765625
0 0.3520333170014699 0.34326171875 0.0004899559039686428 0.0009765625
0 0.3863302302792749 0.29638671875 0.0004899559039686428 0.0009765625
0 0.42895639392454676 0.31982421875 0.0004899559039686428 0.0009765625
0 0.4632533072023518 0.33935546875 0.0004899559039686428 0.0009765625
0 0.5029397354238119 0.32861328125 0.0004899559039686428 0.0009765625
0 0.5401763841254287 0.34130859375 0.0004899559039686428 0.0009765625
0 0.7341989220970113 0.49267578125 0.0004899559039686428 0.0009765625
0 0.3647721705046546 0.55517578125 0.0004899559039686428 0.0009765625
0 0.328515433610975 0.55224609375 0.0004899559039686428 0.0009765625
0 0.25502204801567857 0.52880859375 0.0004899559039686428 0.0009765625
0 0.21337579617834396 0.51220703125 0.0004899559039686428 0.0009765625
