0 0.6430323846908734 0.31689453125 0.0004906771344455348 0.0009765625
0 0.679342492639843 0.30322265625 0.0004906771344455348 0.0009765625
0 0.7239941118743867 0.28564453125 0.0004906771344455348 0.0009765625
0 0.580225711481845 0.27392578125 0.0004906771344455348 0.0009765625
0 0.6091756624141315 0.31103515625 0.0004906771344455348 0.0009765625
0 0.657262021589794 0.51513671875 0.0004906771344455348 0.0009765625
0 0.6194798822374877 0.53955078125 0.0004906771344455348 0.0009765625
0 0.588567222767419 0.56103515625 0.0004906771344455348 0.0009765625
0 0.5576545632973503 0.57470703125 0.0004906771344455348 0.0009765625
0 0.5272325809617272 0.59423828125 0.0004906771344455348 0.0009765625
0 0.5002453385672228 0.59326171875 0.0004906771344455348 0.0009765625
0 0.47031403336604516 0.59716796875 0.0004906771344455348 0.0009765625
0 0.3898429833169774 0.57568359375 0.0004906771344455348 0.0009765625
0 0.1597154072620216 0.44091796875 0.0004906771344455348 0.0009765625
0 0.7534347399411188 0.27392578125 0.0004906771344455348 0.0009765625
0 0.44185475956820414 0.59228515625 0.0004906771344455348 0.0009765625
0 0.7686457311089303 0.44677734375 0.0004906771344455348 0.0009765625
0 0.18130520117762514 0.25439453125 0.0004906771344455348 0.0009765625
0 0.21418056918547596 0.28173828125 0.0004906771344455348 0.0009765625
0 0.2652109911678116 0.32666015625 0.0004906771344455348 0.0009765625
0 0.31231599607458294 0.32177734375 0.0004906771344455348 0.0009765625
0 0.3471540726202159 0.32080078125 0.0004906771344455348 0.0009765625
0 0.37855740922473013 0.28857421875 0.0004906771344455348 0.0009765625
0 0.41781157998037294 0.33154296875 0.0004906771344455348 0.0009765625
0 0.4541216879293425 0.33349609375 0.0004906771344455348 0.0009765625
0 0.4992639842983317 0.37158203125 0.0004906771344455348 0.0009765625
0 0.5444062806673209 0.33740234375 0.0004906771344455348 0.0009765625
0 0.7161432777232581 0.47900390625 0.0004906771344455348 0.0009765625
0 0.36727183513248285 0.55126953125 0.0004906771344455348 0.0009765625
0 0.3157507360157017 0.54345703125 0.0004906771344455348 0.0009765625
0 0.25932286555446515 0.51123046875 0.0004906771344455348 0.0009765625
0 0.20142296368989204 0.47314453125 0.0004906771344455348 0.0009765625
