0 0.6411073003429691 0.25439453125 0.0004899559039686428 0.0009765625
0 0.66609505144537 0.24658203125 0.0004899559039686428 0.0009765625
0 0.7170504654581088 0.22314453125 0.0004899559039686428 0.0009765625
0 0.5734933855952964 0.22607421875 0.0004899559039686428 0.0009765625
0 0.6033806957373836 0.25537109375 0.0004899559039686428 0.0009765625
0 0.6004409603135717 0.52392578125 0.0004899559039686428 0.0009765625
0 0.5646741793238609 0.52197265625 0.0004899559039686428 0.0009765625
0 0.527437530622244 0.51025390625 0.0004899559039686428 0.0009765625
0 0.4941205291523763 0.51025390625 0.0004899559039686428 0.0009765625
0 0.472562469377756 0.50439453125 0.0004899559039686428 0.0009765625
0 0.445124938755512 0.50146484375 0.0004899559039686428 0.0009765625
0 0.3853503184713376 0.50439453125 0.0004899559039686428 0.0009765625
0 0.7523272905438511 0.21435546875 0.0004899559039686428 0.0009765625
0 0.42356687898089174 0.50146484375 0.0004899559039686428 0.0009765625
0 0.7092111709946105 0.43701171875 0.0004899559039686428 0.0009765625
0 0.23248407643312102 0.18798828125 0.0004899559039686428 0.0009765625
0 0.27511024007839296 0.22705078125 0.0004899559039686428 0.0009765625
0 0.3211660950514454 0.23486328125 0.0004899559039686428 0.0009765625
0 0.3535031847133758 0.24267578125 0.0004899559039686428 0.0009765625
0 0.3853503184713376 0.23974609375 0.0004899559039686428 0.0009765625
0 0.42356687898089174 0.26220703125 0.0004899559039686428 0.0009765625
0 0.45149436550710437 0.25537109375 0.0004899559039686428 0.0009765625
0 0.4921607055365017 0.24951171875 0.0004899559039686428 0.0009765625
0 0.5352768250857423 0.25048828125 0.0004899559039686428 0.0009765625
0 0.6558059774620284 0.49267578125 0.0004899559039686428 0.0009765625
0 0.35301322880940716 0.52392578125 0.0004899559039686428 0.0009765625
0 0.31969622733953945 0.50927734375 0.0004899559039686428 0.0009765625
0 0.21190592846643802 0.44775390625 0.0004899559039686428 0.0009765625
