0 0.660097192224622 0.33837890625 0.0005399568034557236 0.0009765625
0 0.7151727861771058 0.31005859375 0.0005399568034557236 0.0009765625
0 0.7556695464362851 0.27099609375 0.0005399568034557236 0.0009765625
0 0.5942224622030238 0.29443359375 0.0005399568034557236 0.0009765625
0 0.6255399568034558 0.36669921875 0.0005399568034557236 0.0009765625
0 0.6762958963282938 0.56884765625 0.0005399568034557236 0.0009765625
0 0.6401187904967602 0.60205078125 0.0005399568034557236 0.0009765625
0 0.6088012958963283 0.63134765625 0.0005399568034557236 0.0009765625
0 0.5720842332613391 0.64013671875 0.0005399568034557236 0.0009765625
0 0.5402267818574514 0.64306640625 0.0005399568034557236 0.0009765625
0 0.5121490280777538 0.64404296875 0.0005399568034557236 0.0009765625
0 0.4819114470842333 0.63720703125 0.0005399568034557236 0.0009765625
0 0.4046976241900648 0.63916015625 0.0005399568034557236 0.0009765625
0 0.1433585313174946 0.50927734375 0.0005399568034557236 0.0009765625
0 0.7821274298056156 0.22021484375 0.0005399568034557236 0.0009765625
0 0.44681425485961124 0.64599609375 0.0005399568034557236 0.0009765625
0 0.8064254859611231 0.51904296875 0.0005399568034557236 0.0009765625
0 0.16333693304535638 0.23779296875 0.0005399568034557236 0.0009765625
0 0.17683585313174946 0.28857421875 0.0005399568034557236 0.0009765625
0 0.226511879049676 0.32177734375 0.0005399568034557236 0.0009765625
0 0.28698704103671707 0.35400390625 0.0005399568034557236 0.0009765625
0 0.3258639308855292 0.36572265625 0.0005399568034557236 0.0009765625
0 0.3723002159827214 0.34423828125 0.0005399568034557236 0.0009765625
0 0.41495680345572356 0.39501953125 0.0005399568034557236 0.0009765625
0 0.4581533477321814 0.35791015625 0.0005399568034557236 0.0009765625
0 0.5105291576673866 0.35595703125 0.0005399568034557236 0.0009765625
0 0.5596652267818575 0.38916015625 0.0005399568034557236 0.0009765625
0 0.7405507559395248 0.52685546875 0.0005399568034557236 0.0009765625
0 0.36042116630669546 0.62353515625 0.0005399568034557236 0.0009765625
0 0.30588552915766737 0.59814453125 0.0005399568034557236 0.0009765625
0 0.24163066954643628 0.55029296875 0.0005399568034557236 0.0009765625
0 0.18061555075593952 0.49755859375 0.0005399568034557236 0.0009765625
