0 0.6979421852033317 0.35888671875 0.0004899559039686428 0.0009765625
0 0.5739833414992651 0.36083984375 0.0004899559039686428 0.0009765625
0 0.5979911807937286 0.61083984375 0.0004899559039686428 0.0009765625
0 0.5632043116119549 0.61474609375 0.0004899559039686428 0.0009765625
0 0.5303772660460558 0.62744140625 0.0004899559039686428 0.0009765625
0 0.5097991180793728 0.64794921875 0.0004899559039686428 0.0009765625
0 0.48236158745712887 0.65185546875 0.0004899559039686428 0.0009765625
0 0.4142577168054875 0.62939453125 0.0004899559039686428 0.0009765625
0 0.7533072023517884 0.34814453125 0.0004899559039686428 0.0009765625
0 0.45247427731504164 0.64306640625 0.0004899559039686428 0.0009765625
0 0.7146006859382655 0.55517578125 0.0004899559039686428 0.0009765625
0 0.1957373836354728 0.36962890625 0.0004899559039686428 0.0009765625
0 0.23395394414502696 0.37353515625 0.0004899559039686428 0.0009765625
0 0.31969622733953945 0.41650390625 0.0004899559039686428 0.0009765625
0 0.3657520823125919 0.52197265625 0.0004899559039686428 0.0009765625
0 0.410828025477707 0.37548828125 0.0004899559039686428 0.0009765625
0 0.44708476237138656 0.37744140625 0.0004899559039686428 0.0009765625
0 0.49853013228809406 0.35400390625 0.0004899559039686428 0.0009765625
0 0.5426261636452719 0.38232421875 0.0004899559039686428 0.0009765625
0 0.3784909358157766 0.67822265625 0.0004899559039686428 0.0009765625
0 0.33537481626653604 0.61669921875 0.0004899559039686428 0.0009765625
0 0.150171484566389 0.54931640625 0.0004899559039686428 0.0009765625
