0 0.5852523272905439 0.37255859375 0.0004899559039686428 0.0009765625
0 0.6391474767270946 0.34619140625 0.0004899559039686428 0.0009765625
0 0.561734443900049 0.33740234375 0.0004899559039686428 0.0009765625
0 0.5651641352278295 0.57373046875 0.0004899559039686428 0.0009765625
0 0.5401763841254287 0.57666015625 0.0004899559039686428 0.0009765625
0 0.5156785889269966 0.58447265625 0.0004899559039686428 0.0009765625
0 0.5009799118079373 0.59716796875 0.0004899559039686428 0.0009765625
0 0.479421852033317 0.57763671875 0.0004899559039686428 0.0009765625
0 0.42895639392454676 0.56884765625 0.0004899559039686428 0.0009765625
0 0.4563939245467908 0.57958984375 0.0004899559039686428 0.0009765625
0 0.4064184223419892 0.30322265625 0.0004899559039686428 0.0009765625
0 0.35301322880940716 0.32861328125 0.0004899559039686428 0.0009765625
0 0.5044096031357178 0.35693359375 0.0004899559039686428 0.0009765625
0 0.4015188633023028 0.56103515625 0.0004899559039686428 0.0009765625
0 0.3740813326800588 0.55322265625 0.0004899559039686428 0.0009765625
