0 0.649290259422418 0.41162109375 0.0004894762604013706 0.0009765625
0 0.6962799804209496 0.38525390625 0.0004894762604013706 0.0009765625
0 0.5606950562897699 0.39111328125 0.0004894762604013706 0.0009765625
0 0.5837004405286343 0.45361328125 0.0004894762604013706 0.0009765625
0 0.6326480665687714 0.62744140625 0.0004894762604013706 0.0009765625
0 0.5949583945178659 0.64013671875 0.0004894762604013706 0.0009765625
0 0.5748898678414097 0.66357421875 0.0004894762604013706 0.0009765625
0 0.543563387175722 0.66357421875 0.0004894762604013706 0.0009765625
0 0.5215369554576603 0.66845703125 0.0004894762604013706 0.0009765625
0 0.5024473813020068 0.68701171875 0.0004894762604013706 0.0009765625
0 0.4848262359275575 0.67626953125 0.0004894762604013706 0.0009765625
0 0.42168379833578074 0.67529296875 0.0004894762604013706 0.0009765625
0 0.2126774351443955 0.57470703125 0.0004894762604013706 0.0009765625
0 0.7413117963778757 0.36181640625 0.0004894762604013706 0.0009765625
0 0.4579050416054821 0.67822265625 0.0004894762604013706 0.0009765625
0 0.7280959373470387 0.56494140625 0.0004894762604013706 0.0009765625
0 0.22344591287322565 0.36572265625 0.0004894762604013706 0.0009765625
0 0.29393049437102303 0.45361328125 0.0004894762604013706 0.0009765625
0 0.3957415565345081 0.43408203125 0.0004894762604013706 0.0009765625
0 0.4285364659813999 0.45166015625 0.0004894762604013706 0.0009765625
0 0.456436612824278 0.43115234375 0.0004894762604013706 0.0009765625
0 0.4980420949583945 0.43701171875 0.0004894762604013706 0.0009765625
0 0.5318159569260891 0.41552734375 0.0004894762604013706 0.0009765625
0 0.6825746451297112 0.60205078125 0.0004894762604013706 0.0009765625
0 0.38399412628487517 0.66943359375 0.0004894762604013706 0.0009765625
0 0.3487518355359765 0.65087890625 0.0004894762604013706 0.0009765625
0 0.2444933920704846 0.60693359375 0.0004894762604013706 0.0009765625
