0 0.6352278294953454 0.36083984375 0.0004899559039686428 0.0009765625
0 0.6680548750612445 0.34814453125 0.0004899559039686428 0.0009765625
0 0.7160705536501715 0.34814453125 0.0004899559039686428 0.0009765625
0 0.5681038706516414 0.36279296875 0.0004899559039686428 0.0009765625
0 0.6166095051445369 0.36474609375 0.0004899559039686428 0.0009765625
0 0.6102400783929446 0.59912109375 0.0004899559039686428 0.0009765625
0 0.5842724154826066 0.59716796875 0.0004899559039686428 0.0009765625
0 0.5509554140127388 0.59033203125 0.0004899559039686428 0.0009765625
0 0.5249877511024008 0.59130859375 0.0004899559039686428 0.0009765625
0 0.49608035276825085 0.60791015625 0.0004899559039686428 0.0009765625
0 0.47011268985791277 0.60595703125 0.0004899559039686428 0.0009765625
0 0.4064184223419892 0.58837890625 0.0004899559039686428 0.0009765625
0 0.4436550710436061 0.59326171875 0.0004899559039686428 0.0009765625
0 0.70578147966683 0.53369140625 0.0004899559039686428 0.0009765625
0 0.2511024007839294 0.31591796875 0.0004899559039686428 0.0009765625
0 0.40102890739833413 0.31787109375 0.0004899559039686428 0.0009765625
0 0.43630573248407645 0.37548828125 0.0004899559039686428 0.0009765625
0 0.46766291033806956 0.35888671875 0.0004899559039686428 0.0009765625
0 0.5039196472317491 0.35400390625 0.0004899559039686428 0.0009765625
0 0.5426261636452719 0.37744140625 0.0004899559039686428 0.0009765625
0 0.6695247427731504 0.58154296875 0.0004899559039686428 0.0009765625
0 0.3750612444879961 0.59326171875 0.0004899559039686428 0.0009765625
0 0.3417442430181284 0.59326171875 0.0004899559039686428 0.0009765625
0 0.2824595786379226 0.58544921875 0.0004899559039686428 0.0009765625
0 0.22513473787359137 0.55419921875 0.0004899559039686428 0.0009765625
