0 0.6347378735913768 0.36669921875 0.0004899559039686428 0.0009765625
0 0.6602155805977462 0.35400390625 0.0004899559039686428 0.0009765625
0 0.698922097011269 0.34326171875 0.0004899559039686428 0.0009765625
0 0.5798628123468887 0.35400390625 0.0004899559039686428 0.0009765625
0 0.6087702106810388 0.35009765625 0.0004899559039686428 0.0009765625
0 0.6401273885350318 0.59326171875 0.0004899559039686428 0.0009765625
0 0.6180793728564429 0.59521484375 0.0004899559039686428 0.0009765625
0 0.5867221950024498 0.60009765625 0.0004899559039686428 0.0009765625
0 0.5622243998040176 0.61572265625 0.0004899559039686428 0.0009765625
0 0.5387065164135227 0.62646484375 0.0004899559039686428 0.0009765625
0 0.515188633023028 0.62939453125 0.0004899559039686428 0.0009765625
0 0.49118079372856444 0.62060546875 0.0004899559039686428 0.0009765625
0 0.4211170994610485 0.60986328125 0.0004899559039686428 0.0009765625
0 0.18152866242038215 0.49755859375 0.0004899559039686428 0.0009765625
0 0.727829495345419 0.31201171875 0.0004899559039686428 0.0009765625
0 0.4622733953944145 0.62060546875 0.0004899559039686428 0.0009765625
0 0.7302792748652621 0.52490234375 0.0004899559039686428 0.0009765625
0 0.2447329740323371 0.31396484375 0.0004899559039686428 0.0009765625
0 0.2951984321411073 0.32275390625 0.0004899559039686428 0.0009765625
0 0.33586477217050464 0.35400390625 0.0004899559039686428 0.0009765625
0 0.36673199412052915 0.35888671875 0.0004899559039686428 0.0009765625
0 0.40347868691817734 0.36083984375 0.0004899559039686428 0.0009765625
0 0.43973542381185693 0.35498046875 0.0004899559039686428 0.0009765625
0 0.46962273395394416 0.38427734375 0.0004899559039686428 0.0009765625
0 0.5083292503674669 0.38232421875 0.0004899559039686428 0.0009765625
0 0.5470357667809898 0.38427734375 0.0004899559039686428 0.0009765625
0 0.6822635962763351 0.56298828125 0.0004899559039686428 0.0009765625
0 0.3853503184713376 0.59326171875 0.0004899559039686428 0.0009765625
0 0.3471337579617834 0.57958984375 0.0004899559039686428 0.0009765625
0 0.2898089171974522 0.55517578125 0.0004899559039686428 0.0009765625
0 0.24522292993630573 0.52587890625 0.0004899559039686428 0.0009765625
